,points,total_rebounds,assists,blocks,true_shooting_percentage,weight,height,target,position_Forward,position_Guard
17991,589.0,192.0,73.0,25.0,0.633,195.0,77.0,1,0,1
23510,1465.0,823.0,257.0,71.0,0.5870000000000001,218.0,77.0,1,0,1
29886,1658.0,265.0,111.0,27.0,0.648,215.0,76.0,1,0,1
17151,1009.0,267.0,170.0,13.0,0.555,195.0,76.0,1,0,1
18192,720.0,186.0,79.0,11.0,0.59,207.0,77.0,1,0,1
3389,992.0,512.0,125.0,60.0,0.624,207.0,80.0,1,1,0
30125,1742.0,332.0,326.0,26.0,0.5429999999999999,185.0,75.0,1,0,1
20399,261.0,191.0,26.0,64.0,0.601,245.0,82.0,1,1,0
22909,989.0,495.0,169.0,21.0,0.568,205.0,79.0,1,0,1
2645,2632.0,493.0,427.0,35.0,0.588,180.0,73.0,1,0,1
29608,416.0,331.0,51.0,32.0,0.532,220.0,81.0,1,1,0
19583,1049.0,545.0,131.0,67.0,0.584,235.0,78.0,1,1,0
6044,1317.0,707.0,52.0,225.0,0.596,280.0,84.0,1,0,0
29862,792.0,277.0,327.0,15.0,0.578,195.0,75.0,1,0,1
23804,2291.0,661.0,254.0,38.0,0.584,209.0,76.0,1,0,1
12505,1231.0,776.0,131.0,130.0,0.54,210.0,81.0,1,1,0
13555,657.0,322.0,49.0,54.0,0.6409999999999999,270.0,83.0,1,0,0
18037,81.0,68.0,1.0,23.0,0.5720000000000001,218.0,81.0,1,1,0
14806,1139.0,344.0,111.0,5.0,0.5329999999999999,210.0,79.0,1,0,1
20285,1477.0,313.0,238.0,25.0,0.557,192.0,74.0,1,0,1
24447,979.0,769.0,77.0,75.0,0.5820000000000001,265.0,79.0,1,1,0
20720,629.0,294.0,20.0,33.0,0.518,235.0,81.0,1,1,0
2855,1089.0,652.0,62.0,244.0,0.605,245.0,80.0,1,1,0
30459,461.0,197.0,60.0,54.0,0.563,245.0,84.0,1,0,0
18124,401.0,261.0,44.0,88.0,0.627,250.0,83.0,1,1,0
673,838.0,250.0,271.0,9.0,0.524,185.0,73.0,1,0,1
22902,545.0,229.0,37.0,65.0,0.637,205.0,81.0,1,1,0
24867,958.0,514.0,93.0,189.0,0.611,240.0,82.0,1,1,0
22209,1126.0,657.0,103.0,136.0,0.586,230.0,81.0,1,1,0
18917,395.0,295.0,42.0,99.0,0.627,215.0,81.0,1,1,0
8676,356.0,221.0,34.0,22.0,0.604,253.0,81.0,1,0,0
3635,1135.0,654.0,56.0,61.0,0.5329999999999999,250.0,82.0,1,1,0
28082,778.0,349.0,77.0,30.0,0.537,230.0,80.0,1,1,0
9459,2040.0,773.0,454.0,82.0,0.573,210.0,79.0,1,0,1
2377,393.0,182.0,53.0,24.0,0.541,210.0,81.0,1,1,0
15261,1339.0,664.0,318.0,127.0,0.565,235.0,81.0,1,1,0
7974,2125.0,650.0,177.0,120.0,0.523,205.0,79.0,1,1,0
30217,2079.0,490.0,587.0,7.0,0.546,185.0,72.0,1,0,1
22938,1721.0,398.0,204.0,61.0,0.597,207.0,76.0,1,0,1
15290,1129.0,444.0,129.0,64.0,0.565,236.0,80.0,1,1,0
7908,1753.0,532.0,668.0,57.0,0.616,190.0,75.0,1,0,1
28467,981.0,396.0,175.0,17.0,0.534,217.0,79.0,1,1,0
13270,1494.0,596.0,396.0,21.0,0.531,195.0,78.0,1,0,1
12263,1425.0,391.0,295.0,40.0,0.593,185.0,75.0,1,0,1
8511,1139.0,465.0,972.0,38.0,0.537,172.0,75.0,1,0,1
13548,742.0,449.0,167.0,128.0,0.578,240.0,82.0,1,1,0
28409,1129.0,836.0,129.0,94.0,0.56,260.0,80.0,1,1,0
4061,749.0,649.0,45.0,132.0,0.544,250.0,83.0,1,0,0
29220,882.0,529.0,38.0,124.0,0.625,290.0,82.0,1,0,0
28048,1476.0,627.0,208.0,67.0,0.546,210.0,79.0,1,1,0
1158,1588.0,942.0,101.0,131.0,0.62,240.0,82.0,1,1,0
9702,1633.0,1038.0,158.0,285.0,0.51,235.0,80.0,1,1,0
11595,1146.0,675.0,90.0,189.0,0.498,245.0,79.0,1,1,0
2339,1360.0,828.0,86.0,177.0,0.635,235.0,79.0,1,1,0
9497,1411.0,839.0,118.0,304.0,0.634,268.0,84.0,1,0,0
11771,1492.0,551.0,139.0,50.0,0.58,247.0,83.0,1,1,0
28386,1252.0,439.0,246.0,88.0,0.542,200.0,78.0,1,0,1
23509,2476.0,1222.0,210.0,95.0,0.536,246.0,80.0,1,1,0
15485,448.0,303.0,37.0,74.0,0.621,246.0,82.0,1,1,0
20106,597.0,181.0,189.0,15.0,0.56,190.0,75.0,1,0,1
1329,1960.0,283.0,256.0,8.0,0.6459999999999999,179.0,73.0,1,0,1
13337,1618.0,486.0,451.0,32.0,0.556,190.0,75.0,1,0,1
30227,1538.0,944.0,124.0,51.0,0.575,237.0,80.0,1,1,0
12483,870.0,378.0,116.0,111.0,0.5379999999999999,220.0,81.0,1,1,0
23776,1363.0,289.0,356.0,24.0,0.5589999999999999,190.0,75.0,1,0,1
15696,778.0,386.0,69.0,124.0,0.575,200.0,83.0,1,1,0
1283,1188.0,697.0,135.0,281.0,0.5529999999999999,245.0,85.0,1,0,0
27785,601.0,376.0,51.0,156.0,0.535,255.0,84.0,1,0,0
11947,1231.0,269.0,230.0,33.0,0.579,200.0,77.0,1,0,1
7617,1440.0,399.0,432.0,28.0,0.515,212.0,75.0,1,0,1
4506,1979.0,471.0,173.0,49.0,0.5770000000000001,205.0,76.0,1,0,1
29744,1126.0,753.0,155.0,109.0,0.629,245.0,84.0,1,1,0
11713,1287.0,802.0,75.0,184.0,0.535,240.0,83.0,1,0,0
29606,608.0,407.0,163.0,98.0,0.528,180.0,81.0,1,1,0
19080,810.0,440.0,51.0,61.0,0.585,275.0,81.0,1,1,0
19116,874.0,314.0,175.0,8.0,0.507,190.0,73.0,1,0,1
20157,1062.0,452.0,201.0,42.0,0.5489999999999999,175.0,78.0,1,0,1
19092,1908.0,359.0,378.0,8.0,0.528,165.0,72.0,1,0,1
18193,419.0,114.0,107.0,12.0,0.5660000000000001,190.0,73.0,1,0,1
14143,1438.0,279.0,283.0,17.0,0.581,205.0,77.0,1,0,1
18927,889.0,451.0,88.0,45.0,0.56,236.0,82.0,1,1,0
6036,1012.0,1045.0,119.0,150.0,0.561,210.0,79.0,1,1,0
2047,328.0,273.0,236.0,3.0,0.496,184.0,76.0,1,0,1
29187,903.0,390.0,46.0,67.0,0.5870000000000001,215.0,81.0,1,1,0
8698,1505.0,640.0,364.0,47.0,0.52,210.0,78.0,1,1,0
23629,1517.0,682.0,414.0,74.0,0.5770000000000001,210.0,79.0,1,0,1
7943,1064.0,789.0,62.0,268.0,0.537,259.0,83.0,1,0,0
17358,758.0,499.0,45.0,93.0,0.58,260.0,84.0,1,0,0
14844,1170.0,379.0,452.0,9.0,0.573,194.0,78.0,1,0,1
15608,829.0,664.0,91.0,120.0,0.483,235.0,80.0,1,1,0
23654,534.0,247.0,19.0,67.0,0.551,265.0,84.0,1,1,0
19091,851.0,801.0,127.0,267.0,0.568,245.0,83.0,1,0,0
18033,333.0,179.0,28.0,13.0,0.555,200.0,79.0,1,0,1
1347,774.0,475.0,114.0,72.0,0.56,215.0,79.0,1,1,0
28046,1344.0,508.0,132.0,94.0,0.5429999999999999,216.0,80.0,1,1,0
29960,543.0,219.0,171.0,13.0,0.531,175.0,72.0,1,0,1
20386,1183.0,329.0,188.0,11.0,0.565,205.0,76.0,1,0,1
17980,483.0,157.0,53.0,18.0,0.591,220.0,78.0,1,0,1
20258,1343.0,477.0,216.0,48.0,0.569,208.0,78.0,1,0,1
11111,445.0,88.0,252.0,5.0,0.491,190.0,73.0,1,0,1
13527,461.0,137.0,217.0,3.0,0.575,190.0,73.0,1,0,1
28087,496.0,158.0,77.0,10.0,0.51,195.0,78.0,1,0,1
1842,921.0,319.0,162.0,23.0,0.557,203.0,78.0,1,1,0
1837,1416.0,452.0,299.0,49.0,0.546,220.0,79.0,1,0,1
8908,716.0,142.0,198.0,29.0,0.531,196.0,75.0,1,0,1
25481,1690.0,274.0,257.0,62.0,0.562,175.0,75.0,1,0,1
15666,1002.0,694.0,97.0,43.0,0.662,231.0,82.0,1,1,0
20402,1232.0,735.0,85.0,141.0,0.601,245.0,82.0,1,0,0
24876,1629.0,486.0,175.0,81.0,0.5589999999999999,200.0,77.0,1,0,1
13571,1928.0,1262.0,119.0,422.0,0.611,250.0,81.0,1,1,0
29771,1022.0,397.0,352.0,77.0,0.629,178.0,77.0,1,0,1
8626,1287.0,687.0,433.0,81.0,0.5660000000000001,210.0,79.0,1,0,1
4104,962.0,529.0,57.0,32.0,0.5489999999999999,240.0,80.0,1,1,0
18125,1246.0,247.0,130.0,8.0,0.598,208.0,77.0,1,0,1
898,288.0,122.0,56.0,2.0,0.503,180.0,71.0,1,0,1
7625,1295.0,403.0,326.0,23.0,0.605,185.0,75.0,1,0,1
15587,1013.0,392.0,96.0,28.0,0.5429999999999999,205.0,77.0,1,0,1
18114,129.0,126.0,15.0,53.0,0.5329999999999999,255.0,83.0,1,1,0
29573,1131.0,319.0,142.0,17.0,0.589,220.0,77.0,1,0,1
28070,823.0,527.0,111.0,116.0,0.602,205.0,80.0,1,1,0
31141,1363.0,569.0,148.0,54.0,0.585,230.0,81.0,1,1,0
2993,935.0,589.0,75.0,40.0,0.601,280.0,83.0,1,0,0
6448,1147.0,652.0,104.0,17.0,0.5529999999999999,223.0,78.0,1,1,0
4563,1667.0,667.0,210.0,33.0,0.609,225.0,79.0,1,1,0
25876,950.0,129.0,212.0,9.0,0.5379999999999999,180.0,72.0,1,0,1
22079,1316.0,554.0,119.0,51.0,0.591,225.0,81.0,1,1,0
11241,1503.0,433.0,709.0,14.0,0.486,185.0,75.0,1,0,1
20418,1081.0,887.0,216.0,90.0,0.5660000000000001,245.0,82.0,1,0,0
9162,1139.0,210.0,269.0,10.0,0.585,200.0,74.0,1,0,1
18032,597.0,205.0,54.0,34.0,0.563,200.0,80.0,1,0,1
23508,1739.0,343.0,690.0,37.0,0.563,203.0,77.0,1,0,1
23740,1022.0,366.0,196.0,54.0,0.547,213.0,76.0,1,0,1
30461,1721.0,366.0,415.0,7.0,0.5379999999999999,185.0,68.0,1,0,1
14797,900.0,482.0,64.0,66.0,0.573,240.0,81.0,1,0,0
12450,627.0,227.0,510.0,14.0,0.518,205.0,75.0,1,0,1
26770,1941.0,685.0,390.0,78.0,0.518,215.0,77.0,1,0,1
18971,1587.0,916.0,147.0,110.0,0.5529999999999999,289.0,81.0,1,1,0
30807,1065.0,788.0,72.0,224.0,0.66,196.0,81.0,1,1,0
18135,654.0,306.0,285.0,13.0,0.536,171.0,73.0,1,0,1
5967,1281.0,683.0,173.0,149.0,0.604,240.0,84.0,1,1,0
7953,1775.0,757.0,254.0,142.0,0.557,215.0,81.0,1,1,0
20784,1142.0,836.0,100.0,85.0,0.557,249.0,83.0,1,1,0
4113,206.0,209.0,38.0,54.0,0.452,235.0,83.0,1,1,0
22914,1375.0,303.0,608.0,10.0,0.624,195.0,71.0,1,0,1
9911,766.0,309.0,39.0,16.0,0.602,210.0,79.0,1,1,0
18021,1026.0,763.0,101.0,74.0,0.55,237.0,81.0,1,1,0
7667,1406.0,748.0,111.0,104.0,0.523,242.0,81.0,1,0,0
7616,802.0,539.0,107.0,81.0,0.615,250.0,83.0,1,0,0
20393,1645.0,855.0,639.0,40.0,0.569,220.0,77.0,1,0,1
20379,1554.0,424.0,181.0,39.0,0.5660000000000001,202.0,77.0,1,0,1
18190,381.0,76.0,42.0,2.0,0.6,206.0,78.0,1,0,1
19066,1215.0,350.0,677.0,19.0,0.516,185.0,72.0,1,0,1
6969,1436.0,869.0,251.0,109.0,0.609,249.0,81.0,1,1,0
18811,1426.0,508.0,486.0,51.0,0.5329999999999999,180.0,75.0,1,0,1
24065,1259.0,903.0,228.0,50.0,0.623,220.0,81.0,1,1,0
22960,1368.0,590.0,256.0,154.0,0.574,210.0,77.0,1,1,0
18183,1018.0,183.0,122.0,8.0,0.627,210.0,76.0,1,0,1
4078,1623.0,674.0,436.0,55.0,0.485,200.0,77.0,1,0,1
24856,1214.0,486.0,552.0,38.0,0.531,205.0,75.0,1,0,1
22922,2872.0,1219.0,154.0,66.0,0.613,250.0,81.0,1,1,0
15293,822.0,457.0,135.0,55.0,0.585,205.0,80.0,1,1,0
22048,1441.0,370.0,445.0,25.0,0.536,195.0,75.0,1,0,1
18023,313.0,227.0,38.0,72.0,0.655,250.0,84.0,1,0,0
20463,1231.0,242.0,416.0,33.0,0.556,190.0,72.0,1,0,1
22935,523.0,171.0,581.0,9.0,0.541,195.0,76.0,1,0,1
18188,601.0,143.0,165.0,7.0,0.5489999999999999,187.0,75.0,1,0,1
24403,1273.0,495.0,249.0,38.0,0.563,185.0,77.0,1,0,1
19494,1538.0,557.0,813.0,9.0,0.541,187.0,74.0,1,0,1
24484,778.0,488.0,69.0,110.0,0.573,260.0,82.0,1,1,0
7699,1830.0,716.0,94.0,89.0,0.5579999999999999,262.0,81.0,1,1,0
10009,1175.0,209.0,96.0,14.0,0.544,188.0,77.0,1,0,1
12498,953.0,457.0,52.0,117.0,0.537,195.0,81.0,1,1,0
1827,1047.0,551.0,92.0,104.0,0.574,242.0,83.0,1,1,0
18036,206.0,58.0,56.0,1.0,0.489,183.0,74.0,1,0,1
22885,407.0,236.0,26.0,17.0,0.627,230.0,81.0,1,1,0
29584,681.0,415.0,75.0,56.0,0.644,260.0,82.0,1,0,0
13579,650.0,650.0,45.0,87.0,0.575,245.0,82.0,1,1,0
1303,1818.0,706.0,259.0,85.0,0.545,220.0,76.0,1,0,1
23846,1278.0,805.0,141.0,69.0,0.62,251.0,82.0,1,1,0
22905,1213.0,771.0,113.0,94.0,0.562,266.0,81.0,1,0,0
28484,278.0,210.0,15.0,44.0,0.58,250.0,83.0,1,0,0
26102,1162.0,596.0,162.0,51.0,0.55,205.0,77.0,1,0,1
30975,1135.0,425.0,50.0,63.0,0.596,219.0,80.0,1,1,0
4611,1250.0,707.0,65.0,182.0,0.643,268.0,84.0,1,0,0
23610,1536.0,404.0,269.0,24.0,0.622,205.0,78.0,1,0,1
23802,310.0,238.0,24.0,23.0,0.584,300.0,81.0,1,1,0
17023,1812.0,448.0,674.0,7.0,0.5429999999999999,185.0,72.0,1,0,1
19590,1859.0,910.0,122.0,43.0,0.55,225.0,78.0,1,1,0
385,2010.0,580.0,326.0,41.0,0.5479999999999999,205.0,77.0,1,0,1
4066,860.0,614.0,79.0,73.0,0.584,220.0,83.0,1,1,0
29186,396.0,98.0,71.0,18.0,0.496,180.0,74.0,1,0,1
9920,1970.0,746.0,424.0,37.0,0.586,215.0,79.0,1,0,1
22911,880.0,549.0,247.0,60.0,0.586,230.0,78.0,1,0,1
29836,1313.0,630.0,71.0,167.0,0.573,248.0,82.0,1,0,0
11709,1066.0,584.0,245.0,45.0,0.52,235.0,79.0,1,1,0
12113,1838.0,354.0,133.0,30.0,0.602,185.0,79.0,1,0,1
29801,2348.0,996.0,204.0,38.0,0.621,225.0,81.0,1,1,0
2409,1235.0,245.0,478.0,3.0,0.583,180.0,70.0,1,0,1
29217,375.0,128.0,109.0,11.0,0.526,185.0,75.0,1,0,1
28395,1521.0,371.0,209.0,97.0,0.541,200.0,77.0,1,0,1
6544,2079.0,395.0,644.0,14.0,0.5720000000000001,195.0,74.0,1,0,1
5249,1566.0,908.0,87.0,251.0,0.5479999999999999,260.0,79.0,1,1,0
4073,1227.0,374.0,132.0,35.0,0.555,198.0,78.0,1,0,1
3424,1527.0,454.0,357.0,9.0,0.544,215.0,75.0,1,0,1
30522,1934.0,444.0,362.0,19.0,0.606,185.0,74.0,1,0,1
15543,1167.0,712.0,43.0,127.0,0.555,234.0,81.0,1,1,0
17874,866.0,408.0,38.0,54.0,0.61,235.0,81.0,1,1,0
7533,514.0,316.0,34.0,39.0,0.534,215.0,80.0,1,0,0
13562,624.0,244.0,72.0,49.0,0.552,190.0,81.0,1,0,1
11136,671.0,478.0,82.0,144.0,0.5920000000000001,240.0,84.0,1,0,0
8434,1792.0,507.0,249.0,53.0,0.561,215.0,80.0,1,0,1
11818,1891.0,591.0,114.0,71.0,0.563,240.0,82.0,1,1,0
11126,1081.0,706.0,137.0,53.0,0.569,255.0,83.0,1,1,0
31373,1096.0,595.0,158.0,81.0,0.64,227.0,80.0,1,1,0
13516,1147.0,317.0,146.0,19.0,0.6,180.0,77.0,1,0,1
5223,808.0,278.0,355.0,10.0,0.511,186.0,74.0,1,0,1
11346,745.0,307.0,41.0,116.0,0.596,230.0,82.0,1,1,0
28451,1338.0,487.0,184.0,50.0,0.516,210.0,79.0,1,1,0
29984,1953.0,442.0,674.0,20.0,0.555,175.0,74.0,1,0,1
22915,1503.0,788.0,69.0,130.0,0.597,250.0,84.0,1,1,0
26108,990.0,716.0,156.0,45.0,0.513,225.0,79.0,1,1,0
8658,1393.0,835.0,166.0,75.0,0.642,240.0,80.0,1,1,0
19947,1011.0,758.0,103.0,399.0,0.609,215.0,80.0,1,1,0
24482,231.0,203.0,20.0,65.0,0.555,250.0,84.0,1,0,0
17975,1885.0,500.0,576.0,10.0,0.574,185.0,71.0,1,0,1
1231,1123.0,583.0,206.0,167.0,0.529,215.0,82.0,1,1,0
25297,2040.0,1171.0,246.0,235.0,0.569,250.0,83.0,1,0,0
12436,1267.0,530.0,175.0,27.0,0.525,220.0,78.0,1,1,0
23840,868.0,149.0,199.0,3.0,0.59,199.0,76.0,1,0,1
22061,2464.0,1254.0,170.0,192.0,0.612,235.0,83.0,1,1,0
6195,1426.0,1091.0,81.0,441.0,0.591,252.0,82.0,1,0,0
21181,707.0,385.0,66.0,14.0,0.508,245.0,80.0,1,1,0
18953,483.0,263.0,38.0,70.0,0.511,205.0,82.0,1,1,0
26145,1374.0,330.0,354.0,22.0,0.524,195.0,75.0,1,0,1
24480,1884.0,712.0,138.0,109.0,0.564,220.0,78.0,1,1,0
21179,1570.0,430.0,204.0,28.0,0.551,200.0,78.0,1,0,1
24081,1055.0,290.0,138.0,11.0,0.591,180.0,76.0,1,0,1
17295,2228.0,714.0,421.0,67.0,0.583,230.0,80.0,1,1,0
22254,555.0,324.0,160.0,15.0,0.52,205.0,79.0,1,1,0
12432,831.0,588.0,298.0,28.0,0.481,190.0,79.0,1,0,1
23789,854.0,617.0,133.0,98.0,0.535,238.0,79.0,1,1,0
8996,2381.0,725.0,417.0,71.0,0.6,205.0,76.0,1,1,0
30588,990.0,393.0,160.0,99.0,0.522,230.0,80.0,1,0,1
30297,892.0,585.0,87.0,82.0,0.541,215.0,81.0,1,1,0
17292,1539.0,736.0,153.0,99.0,0.514,230.0,82.0,1,1,0
20422,1718.0,910.0,178.0,87.0,0.597,270.0,83.0,1,0,0
21768,2050.0,366.0,385.0,10.0,0.606,195.0,73.0,1,0,1
8840,1785.0,766.0,132.0,89.0,0.531,240.0,80.0,1,1,0
14852,268.0,124.0,123.0,6.0,0.5660000000000001,210.0,81.0,1,0,1
7899,1526.0,905.0,156.0,107.0,0.537,230.0,82.0,1,1,0
13554,102.0,100.0,9.0,17.0,0.57,240.0,82.0,1,1,0
18031,738.0,450.0,142.0,91.0,0.5660000000000001,225.0,80.0,1,1,0
19597,1567.0,524.0,123.0,9.0,0.66,220.0,82.0,1,1,0
16984,502.0,303.0,48.0,73.0,0.601,245.0,85.0,1,0,0
17138,669.0,104.0,78.0,20.0,0.601,222.0,75.0,1,0,1
29564,619.0,181.0,191.0,8.0,0.532,187.0,75.0,1,0,1
1270,944.0,416.0,232.0,63.0,0.5720000000000001,222.0,79.0,1,1,0
30450,1226.0,617.0,153.0,59.0,0.58,215.0,79.0,1,1,0
17419,1694.0,460.0,397.0,33.0,0.516,200.0,78.0,1,0,1
1807,795.0,325.0,127.0,24.0,0.545,225.0,80.0,1,1,0
8584,762.0,89.0,128.0,20.0,0.504,200.0,74.0,1,0,1
5395,1725.0,1060.0,224.0,249.0,0.584,240.0,79.0,1,1,0
19566,1277.0,579.0,180.0,50.0,0.607,220.0,79.0,1,0,1
20409,1025.0,226.0,140.0,21.0,0.5710000000000001,210.0,76.0,1,0,1
17171,1498.0,433.0,204.0,47.0,0.54,210.0,75.0,1,0,1
13518,558.0,255.0,68.0,39.0,0.551,220.0,80.0,1,1,0
28034,440.0,115.0,187.0,6.0,0.511,180.0,74.0,1,0,1
10161,715.0,566.0,180.0,295.0,0.482,235.0,82.0,1,0,0
18167,476.0,297.0,75.0,37.0,0.57,232.0,79.0,1,1,0
17331,1708.0,516.0,768.0,41.0,0.5660000000000001,170.0,74.0,1,0,1
1300,523.0,247.0,63.0,15.0,0.551,225.0,78.0,1,1,0
6454,624.0,297.0,24.0,128.0,0.594,220.0,84.0,1,0,0
30448,847.0,321.0,82.0,45.0,0.557,195.0,78.0,1,0,1
24104,1644.0,598.0,244.0,71.0,0.58,220.0,78.0,1,0,1
22880,1694.0,469.0,258.0,14.0,0.5770000000000001,200.0,76.0,1,0,1
22295,1239.0,637.0,102.0,99.0,0.5770000000000001,250.0,81.0,1,1,0
7024,1139.0,425.0,161.0,102.0,0.53,225.0,80.0,1,1,0
22881,1716.0,1035.0,133.0,163.0,0.598,228.0,81.0,1,1,0
8798,1199.0,570.0,103.0,53.0,0.565,260.0,81.0,1,1,0
21209,1433.0,310.0,249.0,26.0,0.5479999999999999,193.0,77.0,1,0,1
18115,567.0,415.0,50.0,186.0,0.654,220.0,82.0,1,1,0
5273,925.0,439.0,115.0,25.0,0.607,221.0,78.0,1,1,0
22451,1607.0,1092.0,122.0,283.0,0.602,240.0,82.0,1,0,0
18138,657.0,153.0,159.0,8.0,0.5529999999999999,185.0,75.0,1,0,1
14808,546.0,249.0,83.0,31.0,0.575,207.0,75.0,1,0,1
10604,1166.0,574.0,115.0,66.0,0.523,225.0,81.0,1,1,0
14784,975.0,586.0,140.0,136.0,0.507,220.0,81.0,1,1,0
2161,1626.0,685.0,375.0,55.0,0.565,200.0,77.0,1,1,0
27663,497.0,276.0,47.0,45.0,0.504,208.0,80.0,1,0,1
20280,2110.0,403.0,321.0,4.0,0.581,185.0,73.0,1,0,1
18465,2361.0,696.0,304.0,51.0,0.563,180.0,75.0,1,0,1
29569,137.0,117.0,6.0,35.0,0.564,250.0,82.0,1,1,0
29970,1966.0,625.0,416.0,52.0,0.505,210.0,76.0,1,0,1
20155,1380.0,961.0,153.0,228.0,0.534,220.0,81.0,1,1,0
28079,541.0,335.0,62.0,36.0,0.536,210.0,80.0,1,1,0
6046,1115.0,288.0,227.0,29.0,0.599,200.0,78.0,1,0,1
13536,492.0,252.0,82.0,34.0,0.5720000000000001,225.0,78.0,1,1,0
6552,1455.0,608.0,309.0,114.0,0.545,210.0,78.0,1,1,0
19667,447.0,303.0,10.0,182.0,0.5479999999999999,235.0,84.0,1,0,0
1317,927.0,354.0,128.0,41.0,0.54,205.0,79.0,1,1,0
7214,1723.0,859.0,130.0,179.0,0.588,249.0,82.0,1,1,0
7111,973.0,710.0,91.0,255.0,0.5329999999999999,257.0,84.0,1,0,0
2318,1942.0,1172.0,177.0,112.0,0.528,240.0,81.0,1,1,0
15311,1476.0,808.0,176.0,259.0,0.626,278.0,86.0,1,0,0
27776,1465.0,853.0,240.0,118.0,0.5329999999999999,240.0,82.0,1,1,0
5207,1985.0,299.0,456.0,3.0,0.5770000000000001,200.0,72.0,1,0,1
30357,1000.0,184.0,184.0,35.0,0.586,180.0,74.0,1,0,1
29224,442.0,278.0,27.0,51.0,0.5710000000000001,235.0,83.0,1,1,0
2344,1159.0,722.0,51.0,166.0,0.5820000000000001,220.0,81.0,1,1,0
19082,1104.0,728.0,179.0,124.0,0.524,225.0,81.0,1,1,0
16528,1732.0,675.0,149.0,21.0,0.574,209.0,77.0,1,0,1
1281,576.0,266.0,32.0,19.0,0.635,230.0,84.0,1,1,0
30165,1408.0,689.0,193.0,115.0,0.522,202.0,79.0,1,1,0
18014,848.0,612.0,67.0,46.0,0.613,253.0,81.0,1,1,0
6445,1263.0,700.0,207.0,17.0,0.552,210.0,79.0,1,1,0
17365,1859.0,902.0,190.0,85.0,0.611,228.0,81.0,1,1,0
9747,1055.0,739.0,58.0,444.0,0.562,240.0,83.0,1,0,0
17345,1078.0,287.0,464.0,10.0,0.509,205.0,72.0,1,0,1
18169,573.0,171.0,67.0,8.0,0.536,215.0,78.0,1,0,1
8784,870.0,418.0,513.0,89.0,0.529,195.0,75.0,1,0,1
17103,842.0,428.0,84.0,84.0,0.648,245.0,82.0,1,0,0
12358,1556.0,361.0,405.0,7.0,0.555,180.0,72.0,1,0,1
29589,642.0,455.0,40.0,101.0,0.59,230.0,84.0,1,0,0
11708,742.0,421.0,66.0,81.0,0.521,235.0,82.0,1,1,0
15686,1536.0,509.0,496.0,13.0,0.546,185.0,75.0,1,0,1
29592,1540.0,360.0,202.0,20.0,0.586,215.0,77.0,1,0,1
14774,704.0,415.0,28.0,159.0,0.5770000000000001,251.0,85.0,1,0,0
12000,1761.0,836.0,239.0,143.0,0.5579999999999999,210.0,79.0,1,1,0
15521,485.0,278.0,38.0,67.0,0.634,228.0,82.0,1,1,0
15676,1270.0,679.0,91.0,186.0,0.575,260.0,84.0,1,0,0
8180,1062.0,449.0,147.0,42.0,0.551,195.0,80.0,1,0,1
27574,2103.0,887.0,87.0,244.0,0.616,240.0,81.0,1,1,0
12429,1959.0,576.0,646.0,30.0,0.562,180.0,73.0,1,0,1
8247,1945.0,424.0,475.0,28.0,0.5770000000000001,205.0,78.0,1,0,1
1368,1333.0,395.0,304.0,64.0,0.535,200.0,75.0,1,0,1
17996,884.0,427.0,50.0,109.0,0.564,225.0,81.0,1,1,0
1360,176.0,122.0,18.0,33.0,0.535,235.0,82.0,1,1,0
1324,470.0,303.0,75.0,39.0,0.503,225.0,81.0,1,1,0
18142,843.0,655.0,90.0,233.0,0.5820000000000001,240.0,84.0,1,1,0
30329,903.0,508.0,99.0,88.0,0.575,245.0,80.0,1,1,0
14832,1133.0,687.0,185.0,186.0,0.642,232.0,83.0,1,0,0
7454,280.0,154.0,17.0,19.0,0.494,275.0,81.0,1,0,0
22025,850.0,410.0,478.0,14.0,0.488,190.0,75.0,1,0,1
11140,1723.0,364.0,254.0,7.0,0.609,215.0,78.0,1,0,1
12487,1783.0,493.0,460.0,28.0,0.539,172.0,73.0,1,0,1
9754,2012.0,1103.0,252.0,87.0,0.552,260.0,79.0,1,1,0
18002,1038.0,860.0,72.0,253.0,0.612,245.0,83.0,1,0,0
18113,1438.0,426.0,191.0,26.0,0.5429999999999999,210.0,77.0,1,0,1
11227,1340.0,847.0,51.0,424.0,0.608,256.0,81.0,1,0,0
5997,1291.0,397.0,165.0,24.0,0.5920000000000001,195.0,78.0,1,0,1
2330,1321.0,547.0,145.0,63.0,0.557,215.0,79.0,1,1,0
11259,972.0,349.0,148.0,9.0,0.476,221.0,77.0,1,1,0
18161,575.0,374.0,38.0,67.0,0.579,270.0,83.0,1,1,0
24106,1523.0,1313.0,197.0,107.0,0.604,226.0,79.0,1,1,0
2997,1372.0,686.0,123.0,107.0,0.545,245.0,83.0,1,1,0
18195,616.0,159.0,241.0,19.0,0.562,195.0,76.0,1,0,1
1716,1108.0,563.0,77.0,264.0,0.5770000000000001,250.0,84.0,1,0,0
9586,1363.0,486.0,79.0,196.0,0.642,270.0,84.0,1,0,0
29748,966.0,532.0,141.0,35.0,0.56,190.0,81.0,1,1,0
26839,1797.0,517.0,328.0,39.0,0.551,205.0,76.0,1,0,1
14834,1052.0,507.0,95.0,85.0,0.622,238.0,82.0,1,1,0
15492,445.0,151.0,63.0,12.0,0.552,220.0,80.0,1,1,0
1356,1491.0,832.0,40.0,28.0,0.625,238.0,79.0,1,1,0
2319,862.0,467.0,78.0,47.0,0.5579999999999999,235.0,83.0,1,1,0
29219,471.0,282.0,45.0,86.0,0.536,225.0,80.0,1,1,0
15653,1867.0,485.0,188.0,35.0,0.591,205.0,80.0,1,1,0
2682,1727.0,382.0,303.0,5.0,0.574,190.0,76.0,1,0,1
22801,1167.0,425.0,589.0,50.0,0.513,186.0,77.0,1,0,1
31123,1376.0,551.0,135.0,85.0,0.5589999999999999,228.0,82.0,1,1,0
5811,2571.0,464.0,424.0,37.0,0.574,200.0,74.0,1,0,1
10915,1657.0,839.0,134.0,195.0,0.525,240.0,79.0,1,1,0
14778,383.0,251.0,37.0,49.0,0.614,210.0,82.0,1,1,0
13539,394.0,90.0,61.0,2.0,0.598,205.0,75.0,1,0,1
678,1268.0,918.0,127.0,221.0,0.517,230.0,82.0,1,1,0
15852,1678.0,800.0,111.0,309.0,0.542,235.0,85.0,1,1,0
11601,1404.0,945.0,55.0,264.0,0.5479999999999999,265.0,84.0,1,0,0
1980,2180.0,492.0,344.0,37.0,0.56,205.0,73.0,1,0,1
6076,929.0,205.0,273.0,14.0,0.547,189.0,75.0,1,0,1
19096,411.0,423.0,70.0,104.0,0.614,230.0,82.0,1,1,0
20759,1211.0,634.0,102.0,82.0,0.565,232.0,80.0,1,1,0
11221,2073.0,1025.0,207.0,128.0,0.5720000000000001,219.0,81.0,1,1,0
1325,1208.0,763.0,80.0,140.0,0.593,235.0,82.0,1,1,0
7170,1345.0,693.0,118.0,110.0,0.535,260.0,84.0,1,0,0
28336,2019.0,534.0,249.0,24.0,0.542,185.0,79.0,1,0,1
18026,1341.0,309.0,420.0,44.0,0.619,190.0,73.0,1,0,1
21960,564.0,285.0,34.0,43.0,0.609,240.0,80.0,1,1,0
9753,1813.0,456.0,471.0,11.0,0.552,189.0,70.0,1,0,1
12435,1060.0,349.0,124.0,46.0,0.58,180.0,77.0,1,0,1
5268,402.0,123.0,45.0,30.0,0.594,201.0,81.0,1,0,1
15491,1265.0,450.0,543.0,11.0,0.594,202.0,75.0,1,0,1
15645,903.0,461.0,107.0,46.0,0.6409999999999999,238.0,84.0,1,1,0
9914,1644.0,631.0,367.0,74.0,0.595,210.0,76.0,1,0,1
29842,2011.0,518.0,221.0,35.0,0.617,205.0,78.0,1,0,1
12356,2005.0,892.0,256.0,44.0,0.5670000000000001,205.0,77.0,1,0,1
30480,467.0,183.0,26.0,55.0,0.585,225.0,81.0,1,1,0
1322,1789.0,975.0,176.0,258.0,0.601,248.0,83.0,1,0,0
24938,1175.0,453.0,78.0,52.0,0.647,248.0,81.0,1,1,0
7226,1290.0,236.0,362.0,7.0,0.634,190.0,72.0,1,0,1
13524,488.0,213.0,62.0,33.0,0.5660000000000001,205.0,80.0,1,1,0
31157,2217.0,769.0,213.0,29.0,0.54,205.0,78.0,1,0,1
22894,926.0,440.0,116.0,61.0,0.601,232.0,79.0,1,1,0
28049,544.0,237.0,345.0,27.0,0.493,185.0,78.0,1,0,1
23576,1903.0,1103.0,94.0,369.0,0.597,230.0,83.0,1,0,0
25214,1825.0,419.0,119.0,65.0,0.602,225.0,78.0,1,0,1
18171,1564.0,791.0,146.0,152.0,0.625,235.0,81.0,1,1,0
6542,1811.0,598.0,181.0,81.0,0.539,210.0,78.0,1,1,0
17320,456.0,316.0,170.0,32.0,0.536,270.0,80.0,1,1,0
22925,1124.0,886.0,108.0,277.0,0.501,220.0,83.0,1,1,0
27094,1102.0,247.0,283.0,16.0,0.584,170.0,76.0,1,0,1
29733,931.0,557.0,93.0,119.0,0.653,230.0,84.0,1,1,0
5394,1733.0,831.0,141.0,95.0,0.564,215.0,79.0,1,1,0
11711,1449.0,484.0,607.0,49.0,0.535,195.0,73.0,1,0,1
14875,697.0,445.0,49.0,59.0,0.665,270.0,81.0,1,0,0
30014,1044.0,776.0,51.0,277.0,0.5379999999999999,235.0,82.0,1,1,0
29860,1384.0,466.0,275.0,22.0,0.575,220.0,79.0,1,0,1
20259,1245.0,879.0,109.0,93.0,0.5710000000000001,241.0,80.0,1,1,0
17134,338.0,269.0,18.0,41.0,0.604,240.0,82.0,1,1,0
19047,1708.0,1172.0,87.0,183.0,0.594,245.0,80.0,1,1,0
6538,1984.0,887.0,239.0,254.0,0.632,220.0,80.0,1,1,0
7906,1593.0,884.0,93.0,78.0,0.612,255.0,81.0,1,1,0
19088,1294.0,777.0,102.0,118.0,0.586,235.0,80.0,1,1,0
17120,1157.0,525.0,92.0,87.0,0.643,240.0,84.0,1,1,0
8664,1541.0,256.0,816.0,16.0,0.502,205.0,74.0,1,0,1
30567,2095.0,800.0,280.0,35.0,0.546,230.0,79.0,1,1,0
17997,830.0,526.0,44.0,150.0,0.562,250.0,83.0,1,0,0
8574,1028.0,233.0,487.0,15.0,0.534,200.0,73.0,1,0,1
14881,1174.0,242.0,400.0,7.0,0.595,177.0,72.0,1,0,1
14789,615.0,133.0,84.0,13.0,0.526,210.0,77.0,1,0,1
18166,313.0,188.0,38.0,16.0,0.5429999999999999,235.0,82.0,1,1,0
18132,1248.0,489.0,278.0,100.0,0.568,225.0,80.0,1,0,1
353,278.0,153.0,34.0,37.0,0.532,245.0,81.0,1,1,0
3097,1137.0,412.0,150.0,37.0,0.544,205.0,78.0,1,0,1
3096,2599.0,367.0,515.0,12.0,0.596,195.0,74.0,1,0,1
30484,1786.0,757.0,230.0,45.0,0.5720000000000001,215.0,79.0,1,1,0
11725,1458.0,546.0,239.0,37.0,0.5539999999999999,195.0,79.0,1,0,1
30434,1477.0,517.0,308.0,49.0,0.585,215.0,78.0,1,0,1
28037,690.0,138.0,142.0,16.0,0.551,215.0,76.0,1,0,1
22962,1629.0,356.0,170.0,8.0,0.6,193.0,77.0,1,0,1
1309,1105.0,269.0,155.0,16.0,0.563,191.0,75.0,1,0,1
12480,959.0,718.0,84.0,222.0,0.58,237.0,82.0,1,0,0
30435,559.0,176.0,130.0,13.0,0.488,205.0,77.0,1,0,1
6206,1136.0,477.0,190.0,22.0,0.544,217.0,79.0,1,1,0
2002,859.0,450.0,64.0,22.0,0.514,218.0,79.0,1,1,0
17923,566.0,223.0,64.0,17.0,0.5329999999999999,220.0,78.0,1,1,0
19901,1414.0,783.0,142.0,231.0,0.556,235.0,81.0,1,1,0
8415,1691.0,373.0,617.0,8.0,0.585,175.0,73.0,1,0,1
12476,707.0,425.0,63.0,105.0,0.568,240.0,83.0,1,1,0
28509,1669.0,379.0,545.0,2.0,0.551,195.0,75.0,1,0,1
24011,1271.0,294.0,193.0,24.0,0.5760000000000001,194.0,76.0,1,0,1
11805,1502.0,559.0,82.0,26.0,0.5710000000000001,220.0,83.0,1,1,0
14816,656.0,376.0,36.0,64.0,0.647,245.0,82.0,1,0,0
30457,579.0,143.0,148.0,30.0,0.5579999999999999,195.0,76.0,1,0,1
30467,1283.0,345.0,285.0,9.0,0.5660000000000001,180.0,69.0,1,0,1
20466,367.0,312.0,37.0,34.0,0.5820000000000001,255.0,82.0,1,1,0
2629,2349.0,1114.0,245.0,100.0,0.583,250.0,79.0,1,1,0
29622,349.0,94.0,66.0,6.0,0.545,180.0,77.0,1,0,1
18000,1371.0,676.0,137.0,48.0,0.601,235.0,81.0,1,1,0
28456,462.0,392.0,20.0,78.0,0.627,235.0,82.0,1,0,0
29574,296.0,132.0,129.0,18.0,0.532,180.0,75.0,1,0,1
15507,1166.0,412.0,382.0,17.0,0.503,212.0,77.0,1,0,1
6958,1570.0,778.0,158.0,64.0,0.599,240.0,82.0,1,1,0
24906,2136.0,610.0,400.0,59.0,0.536,191.0,76.0,1,0,1
11145,1176.0,857.0,69.0,64.0,0.598,240.0,81.0,1,1,0
17141,342.0,177.0,41.0,47.0,0.609,215.0,80.0,1,1,0
14762,529.0,180.0,51.0,6.0,0.583,190.0,77.0,1,0,1
5518,1978.0,443.0,455.0,11.0,0.539,170.0,74.0,1,0,1
9802,1646.0,910.0,215.0,89.0,0.495,240.0,80.0,1,1,0
30396,1756.0,475.0,259.0,74.0,0.55,200.0,78.0,1,0,1
30808,2238.0,663.0,281.0,78.0,0.5720000000000001,200.0,77.0,1,0,1
4076,1236.0,597.0,63.0,36.0,0.605,216.0,81.0,1,1,0
25469,718.0,681.0,48.0,358.0,0.5589999999999999,235.0,84.0,1,0,0
7206,1510.0,422.0,127.0,39.0,0.546,220.0,79.0,1,1,0
29623,881.0,196.0,342.0,12.0,0.526,180.0,74.0,1,0,1
23515,1204.0,322.0,335.0,23.0,0.5820000000000001,198.0,73.0,1,0,1
11141,785.0,484.0,55.0,89.0,0.662,255.0,84.0,1,0,0
8194,767.0,501.0,126.0,65.0,0.583,250.0,83.0,1,0,0
21189,1775.0,479.0,237.0,14.0,0.596,185.0,75.0,1,0,1
23742,1064.0,375.0,287.0,40.0,0.542,220.0,76.0,1,0,1
22919,1226.0,414.0,96.0,29.0,0.524,215.0,80.0,1,1,0
19937,1436.0,674.0,156.0,113.0,0.5720000000000001,205.0,81.0,1,1,0
2630,2071.0,936.0,395.0,37.0,0.595,225.0,79.0,1,1,0
11590,1036.0,406.0,300.0,25.0,0.532,200.0,75.0,1,0,1
8754,940.0,360.0,84.0,65.0,0.5539999999999999,216.0,83.0,1,1,0
19125,758.0,269.0,145.0,20.0,0.532,210.0,75.0,1,0,1
24916,994.0,718.0,168.0,36.0,0.586,260.0,81.0,1,1,0
30380,1162.0,570.0,465.0,93.0,0.54,201.0,78.0,1,0,1
21537,2009.0,1673.0,117.0,241.0,0.579,228.0,80.0,1,1,0
17484,1619.0,547.0,317.0,29.0,0.628,180.0,74.0,1,0,1
18176,237.0,113.0,11.0,59.0,0.54,225.0,83.0,1,1,0
29215,1917.0,1318.0,163.0,163.0,0.541,225.0,79.0,1,1,0
21172,1506.0,806.0,210.0,59.0,0.562,225.0,80.0,1,1,0
13541,1384.0,1088.0,212.0,199.0,0.584,235.0,82.0,1,1,0
29844,934.0,543.0,18.0,205.0,0.5770000000000001,255.0,83.0,1,0,0
28219,1727.0,513.0,283.0,40.0,0.5820000000000001,190.0,75.0,1,0,1
9744,1879.0,593.0,238.0,11.0,0.516,220.0,78.0,1,0,1
22286,952.0,251.0,213.0,36.0,0.5710000000000001,200.0,79.0,1,0,1
30225,873.0,341.0,180.0,84.0,0.5489999999999999,227.0,78.0,1,0,1
11143,1061.0,583.0,155.0,95.0,0.532,210.0,80.0,1,1,0
30460,1805.0,1283.0,133.0,18.0,0.5529999999999999,255.0,79.0,1,1,0
17177,1117.0,537.0,175.0,56.0,0.604,214.0,77.0,1,0,1
23630,1628.0,560.0,100.0,26.0,0.569,215.0,79.0,1,1,0
23605,501.0,306.0,21.0,105.0,0.626,250.0,84.0,1,0,0
19929,436.0,188.0,15.0,55.0,0.61,255.0,83.0,1,0,0
14817,993.0,504.0,94.0,83.0,0.591,245.0,81.0,1,1,0
20508,666.0,197.0,319.0,6.0,0.526,190.0,76.0,1,0,1
31148,1458.0,666.0,188.0,153.0,0.609,242.0,84.0,1,0,0
13520,1262.0,435.0,182.0,69.0,0.5329999999999999,215.0,77.0,1,0,1
19603,561.0,321.0,59.0,49.0,0.534,245.0,82.0,1,1,0
8909,1673.0,526.0,239.0,50.0,0.555,218.0,77.0,1,0,1
6073,615.0,139.0,148.0,49.0,0.627,193.0,77.0,1,0,1
12459,1028.0,847.0,41.0,417.0,0.624,263.0,87.0,1,0,0
20772,1403.0,1096.0,89.0,564.0,0.597,230.0,81.0,1,1,0
11571,2256.0,765.0,201.0,43.0,0.547,230.0,77.0,1,0,1
15699,390.0,230.0,16.0,69.0,0.703,230.0,84.0,1,1,0
14839,1123.0,864.0,187.0,189.0,0.601,245.0,82.0,1,1,0
29949,1921.0,812.0,266.0,43.0,0.614,205.0,77.0,1,0,1
3986,2208.0,691.0,319.0,68.0,0.5660000000000001,205.0,77.0,1,0,1
11104,949.0,202.0,302.0,18.0,0.508,177.0,73.0,1,0,1
19105,1565.0,970.0,546.0,90.0,0.484,220.0,78.0,1,1,0
19963,1107.0,881.0,26.0,197.0,0.586,253.0,82.0,1,0,0
6959,374.0,258.0,37.0,31.0,0.5329999999999999,220.0,80.0,1,0,0
24908,1772.0,862.0,268.0,112.0,0.5770000000000001,215.0,80.0,1,1,0
29626,865.0,617.0,355.0,58.0,0.531,230.0,81.0,1,0,1
7609,1748.0,815.0,171.0,136.0,0.5920000000000001,234.0,81.0,1,1,0
29579,1376.0,424.0,214.0,57.0,0.5479999999999999,215.0,76.0,1,0,1
4055,1537.0,559.0,219.0,57.0,0.5710000000000001,210.0,78.0,1,0,1
13544,1177.0,377.0,310.0,31.0,0.561,200.0,79.0,1,1,0
8199,671.0,348.0,37.0,130.0,0.585,225.0,81.0,1,1,0
23807,1326.0,529.0,365.0,36.0,0.511,187.0,76.0,1,0,1
14848,1225.0,469.0,300.0,44.0,0.5710000000000001,185.0,81.0,1,1,0
29554,1508.0,983.0,113.0,333.0,0.605,251.0,84.0,1,0,0
18174,815.0,172.0,381.0,6.0,0.563,155.0,69.0,1,0,1
7191,1064.0,325.0,493.0,39.0,0.516,190.0,75.0,1,0,1
18150,754.0,95.0,87.0,19.0,0.586,200.0,75.0,1,0,1
23650,675.0,198.0,175.0,11.0,0.573,180.0,77.0,1,0,1
22951,1260.0,417.0,698.0,27.0,0.55,198.0,73.0,1,0,1
2625,1254.0,433.0,350.0,46.0,0.56,208.0,75.0,1,0,1
28020,311.0,239.0,29.0,113.0,0.5770000000000001,244.0,84.0,1,0,0
8514,1733.0,925.0,229.0,256.0,0.574,221.0,81.0,1,1,0
6550,1595.0,382.0,293.0,24.0,0.5539999999999999,185.0,75.0,1,0,1
27076,1486.0,487.0,137.0,26.0,0.563,200.0,78.0,1,1,0
10454,2094.0,581.0,713.0,10.0,0.573,190.0,72.0,1,0,1
10958,1992.0,976.0,369.0,67.0,0.485,200.0,78.0,1,0,1
30514,1484.0,1312.0,93.0,178.0,0.598,230.0,81.0,1,1,0
18943,632.0,388.0,158.0,27.0,0.6,225.0,82.0,1,1,0
7160,1312.0,1075.0,170.0,425.0,0.52,265.0,83.0,1,0,0
13286,761.0,416.0,72.0,86.0,0.504,220.0,80.0,1,1,0
18916,913.0,575.0,76.0,218.0,0.5479999999999999,235.0,80.0,1,1,0
29196,1012.0,402.0,126.0,35.0,0.5379999999999999,220.0,79.0,1,0,1
23735,1655.0,579.0,308.0,113.0,0.545,190.0,75.0,1,0,1
20161,632.0,198.0,143.0,29.0,0.529,219.0,78.0,1,0,1
27770,1562.0,691.0,231.0,23.0,0.556,215.0,78.0,1,0,1
12353,2132.0,1308.0,267.0,228.0,0.598,240.0,81.0,1,1,0
1338,1430.0,773.0,304.0,49.0,0.5820000000000001,220.0,79.0,1,1,0
11224,1230.0,683.0,125.0,96.0,0.5429999999999999,200.0,81.0,1,1,0
20126,1545.0,398.0,183.0,49.0,0.611,200.0,79.0,1,0,1
18180,1064.0,608.0,111.0,140.0,0.526,252.0,81.0,1,1,0
29619,572.0,167.0,27.0,4.0,0.528,225.0,78.0,1,0,1
4067,745.0,540.0,172.0,167.0,0.5,220.0,81.0,1,0,1
18197,466.0,152.0,88.0,15.0,0.509,198.0,77.0,1,0,1
15495,460.0,119.0,184.0,2.0,0.552,200.0,77.0,1,0,1
17013,1111.0,334.0,594.0,22.0,0.529,210.0,75.0,1,0,1
26500,883.0,207.0,251.0,63.0,0.5,210.0,76.0,1,0,1
18160,798.0,213.0,298.0,17.0,0.517,210.0,78.0,1,0,1
20505,1060.0,221.0,170.0,20.0,0.638,205.0,78.0,1,0,1
10715,533.0,323.0,49.0,133.0,0.501,220.0,82.0,1,1,0
24445,1410.0,588.0,427.0,44.0,0.5489999999999999,225.0,77.0,1,0,1
12419,1171.0,1031.0,49.0,220.0,0.5589999999999999,225.0,81.0,1,1,0
14113,1564.0,293.0,197.0,16.0,0.629,185.0,76.0,1,0,1
14877,1452.0,859.0,339.0,42.0,0.56,215.0,81.0,1,1,0
22017,793.0,273.0,214.0,23.0,0.5670000000000001,180.0,78.0,1,0,1
10493,716.0,332.0,131.0,25.0,0.526,195.0,76.0,1,1,0
27723,1078.0,681.0,299.0,173.0,0.527,192.0,78.0,1,0,1
29562,1639.0,320.0,577.0,13.0,0.594,160.0,73.0,1,0,1
2014,875.0,798.0,76.0,241.0,0.5429999999999999,255.0,84.0,1,0,0
22959,269.0,195.0,23.0,22.0,0.59,240.0,82.0,1,1,0
27828,715.0,233.0,69.0,5.0,0.601,220.0,77.0,1,1,0
7658,1008.0,507.0,156.0,88.0,0.515,230.0,83.0,1,1,0
18027,938.0,628.0,69.0,311.0,0.616,235.0,84.0,1,0,0
644,351.0,216.0,55.0,37.0,0.485,215.0,79.0,1,1,0
5431,1431.0,259.0,246.0,40.0,0.519,185.0,73.0,1,0,1
30335,859.0,446.0,24.0,75.0,0.638,218.0,82.0,1,1,0
2685,377.0,290.0,44.0,193.0,0.5920000000000001,235.0,82.0,1,1,0
17949,1249.0,618.0,366.0,52.0,0.54,205.0,79.0,1,1,0
12710,3150.0,1088.0,194.0,14.0,0.652,225.0,80.0,1,1,0
29974,1334.0,819.0,133.0,117.0,0.561,230.0,81.0,1,1,0
6199,863.0,880.0,124.0,193.0,0.573,245.0,83.0,1,0,0
22068,574.0,314.0,23.0,122.0,0.557,237.0,84.0,1,1,0
29207,345.0,222.0,20.0,89.0,0.556,240.0,83.0,1,1,0
14768,1038.0,314.0,130.0,22.0,0.5489999999999999,207.0,76.0,1,0,1
28019,1211.0,198.0,439.0,12.0,0.5670000000000001,185.0,72.0,1,0,1
10466,1235.0,377.0,270.0,15.0,0.59,180.0,76.0,1,0,1
29576,913.0,286.0,184.0,20.0,0.536,180.0,77.0,1,0,1
29191,713.0,434.0,34.0,97.0,0.605,240.0,83.0,1,1,0
11991,1859.0,813.0,229.0,96.0,0.591,248.0,81.0,1,1,0
25263,1457.0,651.0,102.0,113.0,0.584,225.0,82.0,1,1,0
13568,754.0,212.0,151.0,5.0,0.573,180.0,76.0,1,0,1
31382,1034.0,177.0,281.0,11.0,0.525,190.0,75.0,1,0,1
23760,1811.0,513.0,163.0,60.0,0.596,210.0,78.0,1,0,1
5237,419.0,182.0,84.0,6.0,0.493,210.0,77.0,1,1,0
18172,576.0,296.0,212.0,50.0,0.505,210.0,78.0,1,0,1
23632,1282.0,717.0,89.0,59.0,0.591,265.0,81.0,1,1,0
17972,1477.0,602.0,222.0,89.0,0.5579999999999999,210.0,78.0,1,0,1
8674,675.0,348.0,96.0,34.0,0.573,220.0,78.0,1,0,1
11862,1087.0,540.0,133.0,102.0,0.662,245.0,82.0,1,0,0
27749,1019.0,834.0,113.0,190.0,0.509,230.0,79.0,1,1,0
13530,670.0,306.0,41.0,43.0,0.5579999999999999,235.0,80.0,1,1,0
20970,955.0,265.0,124.0,15.0,0.526,213.0,77.0,1,0,1
23770,896.0,206.0,312.0,8.0,0.547,175.0,72.0,1,0,1
11714,2095.0,647.0,265.0,8.0,0.613,213.0,80.0,1,1,0
17325,1207.0,503.0,127.0,71.0,0.484,230.0,78.0,1,1,0
18123,440.0,441.0,39.0,84.0,0.5760000000000001,275.0,82.0,1,1,0
14763,1521.0,641.0,87.0,74.0,0.593,220.0,80.0,1,0,1
20388,1517.0,1096.0,425.0,116.0,0.5429999999999999,230.0,79.0,1,1,0
30175,1809.0,563.0,335.0,31.0,0.556,217.0,77.0,1,0,1
18944,890.0,486.0,42.0,104.0,0.616,240.0,80.0,1,1,0
22768,486.0,260.0,68.0,115.0,0.599,235.0,81.0,1,0,0
18595,886.0,362.0,158.0,69.0,0.615,210.0,79.0,1,0,1
10191,1584.0,749.0,277.0,44.0,0.581,245.0,80.0,1,1,0
18981,1347.0,366.0,117.0,23.0,0.5720000000000001,205.0,76.0,1,0,1
17335,1862.0,546.0,240.0,36.0,0.568,210.0,77.0,1,0,1
7905,1281.0,933.0,125.0,242.0,0.506,270.0,85.0,1,0,0
605,1487.0,582.0,171.0,100.0,0.518,205.0,80.0,1,0,1
7711,850.0,306.0,431.0,56.0,0.477,195.0,75.0,1,0,1
27090,1307.0,896.0,142.0,253.0,0.597,225.0,81.0,1,1,0
16351,2513.0,551.0,489.0,71.0,0.563,220.0,75.0,1,0,1
9913,1399.0,285.0,500.0,10.0,0.588,175.0,74.0,1,0,1
8763,487.0,339.0,91.0,165.0,0.583,255.0,85.0,1,0,0
25710,1590.0,672.0,364.0,78.0,0.528,210.0,78.0,1,1,0
24438,1109.0,790.0,147.0,130.0,0.565,270.0,84.0,1,0,0
9499,1290.0,399.0,210.0,27.0,0.544,194.0,76.0,1,0,1
1195,1309.0,374.0,258.0,30.0,0.618,218.0,77.0,1,0,1
23598,441.0,134.0,238.0,10.0,0.584,180.0,73.0,1,0,1
15020,974.0,422.0,151.0,58.0,0.579,210.0,79.0,1,1,0
21730,1279.0,252.0,394.0,37.0,0.551,180.0,74.0,1,0,1
20094,474.0,222.0,67.0,49.0,0.534,225.0,81.0,1,1,0
8659,711.0,122.0,260.0,7.0,0.504,195.0,75.0,1,0,1
28436,521.0,247.0,44.0,29.0,0.54,226.0,80.0,1,1,0
7957,1923.0,552.0,314.0,15.0,0.546,215.0,77.0,1,0,1
23022,755.0,511.0,62.0,157.0,0.5760000000000001,235.0,80.0,1,1,0
24093,1612.0,495.0,279.0,51.0,0.565,205.0,77.0,1,1,0
8512,2269.0,599.0,371.0,26.0,0.5820000000000001,164.0,75.0,1,0,1
31003,2178.0,324.0,308.0,31.0,0.57,190.0,76.0,1,0,1
31364,663.0,202.0,223.0,22.0,0.536,170.0,77.0,1,0,1
5962,1014.0,764.0,120.0,118.0,0.557,261.0,82.0,1,1,0
26820,581.0,470.0,61.0,153.0,0.5479999999999999,230.0,82.0,1,0,0
9186,1404.0,537.0,224.0,63.0,0.516,225.0,78.0,1,0,1
27197,1110.0,653.0,294.0,51.0,0.616,200.0,78.0,1,0,1
2932,605.0,408.0,38.0,147.0,0.5820000000000001,260.0,84.0,1,0,0
13580,527.0,115.0,71.0,1.0,0.5379999999999999,200.0,76.0,1,0,1
18963,1023.0,701.0,75.0,175.0,0.53,225.0,83.0,1,1,0
6540,1506.0,724.0,115.0,72.0,0.665,258.0,81.0,1,0,0
20134,997.0,1209.0,81.0,264.0,0.5710000000000001,268.0,80.0,1,1,0
20299,760.0,218.0,245.0,6.0,0.5660000000000001,176.0,71.0,1,0,1
29203,935.0,245.0,237.0,20.0,0.5660000000000001,190.0,74.0,1,0,1
29971,1511.0,400.0,248.0,47.0,0.569,215.0,78.0,1,0,1
2388,867.0,650.0,154.0,292.0,0.511,240.0,82.0,1,0,0
6266,1801.0,664.0,294.0,58.0,0.667,210.0,79.0,1,1,0
29572,289.0,162.0,52.0,11.0,0.474,200.0,80.0,1,1,0
20104,1901.0,651.0,155.0,131.0,0.5329999999999999,205.0,79.0,1,1,0
7912,2097.0,1143.0,257.0,243.0,0.583,255.0,81.0,1,1,0
28047,1121.0,327.0,347.0,22.0,0.5710000000000001,195.0,77.0,1,0,1
27116,962.0,694.0,97.0,95.0,0.5710000000000001,220.0,82.0,1,1,0
29614,524.0,216.0,274.0,28.0,0.6729999999999999,190.0,78.0,1,0,1
17992,1580.0,324.0,575.0,31.0,0.5660000000000001,185.0,75.0,1,0,1
20506,1070.0,364.0,275.0,22.0,0.552,200.0,79.0,1,0,1
7005,2112.0,441.0,249.0,21.0,0.535,205.0,77.0,1,0,1
12445,340.0,257.0,15.0,92.0,0.509,270.0,82.0,1,0,0
19925,873.0,672.0,28.0,77.0,0.54,260.0,82.0,1,1,0
28147,1421.0,1147.0,281.0,213.0,0.562,225.0,81.0,1,1,0
9693,2011.0,924.0,158.0,126.0,0.5820000000000001,245.0,83.0,1,1,0
12733,453.0,218.0,41.0,50.0,0.6709999999999999,215.0,83.0,1,0,0
27759,849.0,377.0,57.0,101.0,0.532,260.0,84.0,1,1,0
6658,1819.0,422.0,310.0,50.0,0.569,180.0,74.0,1,0,1
10927,1441.0,560.0,249.0,81.0,0.5820000000000001,241.0,81.0,1,0,0
8634,1356.0,606.0,142.0,192.0,0.536,225.0,80.0,1,1,0
2946,1586.0,781.0,154.0,180.0,0.5870000000000001,225.0,80.0,1,1,0
6546,1371.0,601.0,225.0,55.0,0.58,220.0,81.0,1,1,0
22899,1626.0,481.0,314.0,45.0,0.545,193.0,80.0,1,1,0
13565,711.0,269.0,56.0,18.0,0.618,230.0,80.0,1,1,0
18196,401.0,101.0,191.0,11.0,0.491,189.0,74.0,1,0,1
19933,583.0,417.0,50.0,125.0,0.569,225.0,85.0,1,0,0
13566,890.0,291.0,139.0,23.0,0.569,215.0,80.0,1,1,0
8904,1584.0,456.0,174.0,47.0,0.569,215.0,78.0,1,1,0
1222,1946.0,802.0,113.0,153.0,0.655,250.0,80.0,1,1,0
7096,1750.0,887.0,174.0,180.0,0.597,275.0,80.0,1,1,0
19114,1413.0,379.0,346.0,134.0,0.5870000000000001,195.0,79.0,1,1,0
19552,1649.0,321.0,262.0,17.0,0.564,215.0,74.0,1,0,1
17995,923.0,662.0,126.0,103.0,0.603,245.0,82.0,1,0,0
24895,1919.0,853.0,95.0,263.0,0.556,221.0,82.0,1,1,0
22944,562.0,470.0,44.0,129.0,0.5720000000000001,225.0,82.0,1,1,0
19872,2171.0,647.0,772.0,39.0,0.537,200.0,78.0,1,0,1
25753,1789.0,955.0,67.0,166.0,0.6659999999999999,242.0,81.0,1,1,0
614,1327.0,850.0,136.0,151.0,0.599,255.0,81.0,1,1,0
17963,572.0,258.0,104.0,37.0,0.5589999999999999,207.0,80.0,1,0,1
8515,1858.0,998.0,96.0,227.0,0.5710000000000001,260.0,80.0,1,0,0
1213,955.0,450.0,125.0,74.0,0.552,197.0,78.0,1,0,1
6470,1779.0,519.0,270.0,35.0,0.544,200.0,76.0,1,0,1
17279,834.0,598.0,131.0,70.0,0.555,220.0,82.0,1,1,0
6205,1795.0,415.0,437.0,19.0,0.574,200.0,75.0,1,0,1
30566,775.0,548.0,176.0,48.0,0.527,215.0,81.0,1,1,0
26783,771.0,550.0,176.0,112.0,0.5660000000000001,208.0,80.0,1,1,0
12492,614.0,517.0,73.0,191.0,0.575,235.0,83.0,1,0,0
4142,498.0,182.0,68.0,22.0,0.518,225.0,79.0,1,1,0
11353,1737.0,862.0,293.0,131.0,0.535,210.0,79.0,1,1,0
12847,2635.0,473.0,388.0,28.0,0.62,185.0,75.0,1,0,1
28122,1919.0,569.0,398.0,29.0,0.473,220.0,78.0,1,0,1
6202,1650.0,319.0,479.0,10.0,0.527,200.0,70.0,1,0,1
10159,2138.0,1028.0,270.0,50.0,0.5920000000000001,250.0,79.0,1,1,0
20421,1309.0,902.0,181.0,142.0,0.562,225.0,78.0,1,1,0
7217,1670.0,501.0,640.0,16.0,0.588,192.0,76.0,1,0,1
23619,382.0,167.0,40.0,10.0,0.5479999999999999,205.0,77.0,1,0,1
3246,2036.0,1093.0,211.0,271.0,0.574,234.0,83.0,1,1,0
30327,948.0,245.0,395.0,13.0,0.622,175.0,72.0,1,0,1
18141,599.0,416.0,57.0,31.0,0.5670000000000001,250.0,81.0,1,1,0
16514,2304.0,476.0,351.0,8.0,0.586,185.0,74.0,1,0,1
8366,2160.0,446.0,229.0,21.0,0.5820000000000001,200.0,74.0,1,0,1
6961,862.0,389.0,149.0,22.0,0.586,218.0,80.0,1,1,0
1212,2044.0,502.0,405.0,19.0,0.523,180.0,73.0,1,0,1
8503,554.0,330.0,69.0,71.0,0.536,221.0,82.0,1,0,0
5275,1270.0,520.0,316.0,75.0,0.556,200.0,79.0,1,1,0
11975,147.0,93.0,2.0,19.0,0.496,270.0,82.0,1,0,0
13531,1911.0,398.0,406.0,19.0,0.551,185.0,74.0,1,0,1
9781,1702.0,795.0,147.0,92.0,0.5720000000000001,224.0,79.0,1,1,0
4425,1731.0,967.0,93.0,198.0,0.55,275.0,81.0,1,0,0
1284,1697.0,580.0,279.0,35.0,0.58,218.0,79.0,1,1,0
18157,450.0,333.0,40.0,59.0,0.55,255.0,84.0,1,0,0
13512,2392.0,1015.0,293.0,107.0,0.5479999999999999,230.0,80.0,1,1,0
15605,1099.0,551.0,191.0,63.0,0.537,205.0,76.0,1,0,1
27746,1393.0,647.0,210.0,54.0,0.5429999999999999,215.0,79.0,1,0,1
1294,592.0,82.0,121.0,3.0,0.612,200.0,75.0,1,0,1
1362,594.0,409.0,213.0,29.0,0.511,207.0,78.0,1,1,0
8677,1588.0,645.0,129.0,42.0,0.5820000000000001,218.0,79.0,1,1,0
8424,1281.0,420.0,255.0,79.0,0.557,212.0,76.0,1,0,1
7845,810.0,228.0,125.0,7.0,0.535,190.0,75.0,1,0,1
13561,949.0,465.0,117.0,133.0,0.585,230.0,83.0,1,1,0
11122,1427.0,716.0,205.0,58.0,0.526,215.0,77.0,1,1,0
27087,485.0,201.0,51.0,13.0,0.555,220.0,79.0,1,1,0
17014,1383.0,1023.0,148.0,139.0,0.6409999999999999,235.0,82.0,1,1,0
5185,1279.0,869.0,142.0,292.0,0.5920000000000001,234.0,81.0,1,0,0
24073,814.0,719.0,155.0,234.0,0.619,190.0,79.0,1,1,0
1301,617.0,243.0,222.0,48.0,0.56,180.0,75.0,1,0,1
15592,1396.0,693.0,124.0,117.0,0.536,245.0,82.0,1,1,0
24108,1511.0,397.0,470.0,16.0,0.565,161.0,72.0,1,0,1
14765,624.0,490.0,85.0,71.0,0.524,235.0,80.0,1,1,0
7009,1951.0,924.0,139.0,361.0,0.595,260.0,82.0,1,0,0
22954,1844.0,399.0,602.0,35.0,0.5529999999999999,175.0,73.0,1,0,1
28027,620.0,251.0,71.0,57.0,0.531,226.0,83.0,1,1,0
1266,1227.0,533.0,65.0,46.0,0.66,235.0,80.0,1,1,0
7408,2015.0,566.0,660.0,33.0,0.545,166.0,71.0,1,0,1
24874,954.0,434.0,61.0,48.0,0.5539999999999999,230.0,80.0,1,1,0
28057,1046.0,746.0,86.0,247.0,0.588,250.0,81.0,1,1,0
1364,1179.0,662.0,582.0,58.0,0.502,235.0,80.0,1,1,0
15299,942.0,531.0,207.0,97.0,0.585,247.0,83.0,1,0,0
6971,732.0,355.0,326.0,33.0,0.516,208.0,76.0,1,0,1
10901,1128.0,546.0,152.0,105.0,0.531,200.0,76.0,1,0,1
10714,419.0,345.0,19.0,167.0,0.542,250.0,83.0,1,0,0
4861,523.0,182.0,41.0,20.0,0.5660000000000001,238.0,81.0,1,1,0
6541,1268.0,489.0,819.0,16.0,0.529,185.0,73.0,1,0,1
30438,548.0,203.0,151.0,10.0,0.485,170.0,77.0,1,0,1
4077,1776.0,889.0,295.0,69.0,0.539,227.0,79.0,1,1,0
24690,101.0,59.0,42.0,1.0,0.413,155.0,68.0,0,0,1
9440,1088.0,577.0,122.0,77.0,0.58,215.0,80.0,0,1,0
2070,1085.0,458.0,90.0,59.0,0.622,215.0,80.0,0,1,0
7090,1440.0,284.0,484.0,7.0,0.536,180.0,71.0,0,0,1
13166,92.0,40.0,31.0,7.0,0.518,205.0,79.0,0,1,0
15688,1087.0,981.0,167.0,90.0,0.613,231.0,80.0,0,1,0
19833,1415.0,319.0,150.0,3.0,0.476,200.0,75.0,0,0,1
7357,524.0,187.0,87.0,20.0,0.5670000000000001,225.0,79.0,0,1,0
27339,13.0,21.0,2.0,0.0,0.226,210.0,73.0,0,0,1
8065,177.0,134.0,66.0,7.0,0.39,190.0,77.0,0,1,0
18300,570.0,321.0,107.0,22.0,0.515,205.0,78.0,0,0,1
9368,1158.0,188.0,260.0,6.0,0.521,180.0,72.0,0,0,1
9599,247.0,97.0,67.0,7.0,0.471,190.0,75.0,0,0,1
24737,268.0,185.0,10.0,19.0,0.57,230.0,79.0,0,1,0
11910,1069.0,590.0,134.0,55.0,0.542,221.0,75.0,0,1,0
9481,93.0,48.0,12.0,6.0,0.508,240.0,81.0,0,1,0
27072,753.0,173.0,221.0,1.0,0.45,155.0,67.0,0,0,1
190,346.0,146.0,106.0,5.0,0.486,160.0,71.0,0,0,1
24829,228.0,143.0,39.0,35.0,0.578,235.0,83.0,0,1,0
15947,951.0,316.0,79.0,6.0,0.498,205.0,75.0,0,0,1
11927,115.0,34.0,23.0,0.0,0.421,189.0,72.0,0,0,1
21701,1605.0,378.0,423.0,40.0,0.518,165.0,74.0,0,0,1
18862,136.0,73.0,32.0,3.0,0.523,215.0,76.0,0,0,1
24054,496.0,271.0,19.0,65.0,0.55,242.0,82.0,0,0,0
19021,112.0,106.0,6.0,4.0,0.448,258.0,81.0,0,1,0
21437,63.0,101.0,13.0,36.0,0.4920000000000001,235.0,83.0,0,0,0
9412,83.0,116.0,5.0,16.0,0.277,265.0,83.0,0,0,0
23426,349.0,112.0,139.0,13.0,0.518,170.0,73.0,0,0,1
15765,824.0,216.0,62.0,20.0,0.556,180.0,76.0,0,0,1
5572,425.0,114.0,45.0,1.0,0.593,187.0,73.0,0,0,1
7619,321.0,128.0,21.0,2.0,0.541,200.0,74.0,0,0,1
21128,568.0,447.0,105.0,70.0,0.529,203.0,76.0,0,0,1
17993,170.0,47.0,62.0,0.0,0.51,190.0,73.0,0,0,1
17982,523.0,435.0,28.0,72.0,0.564,245.0,80.0,0,1,0
30441,193.0,124.0,38.0,6.0,0.516,230.0,81.0,0,1,0
1065,1212.0,351.0,638.0,12.0,0.488,189.0,69.0,0,0,1
1292,275.0,169.0,18.0,21.0,0.593,205.0,82.0,0,0,0
2327,73.0,54.0,78.0,1.0,0.438,195.0,71.0,0,0,1
9620,566.0,150.0,101.0,4.0,0.468,189.0,75.0,0,0,1
31496,230.0,51.0,34.0,0.0,0.542,205.0,76.0,0,0,1
27360,467.0,184.0,67.0,5.0,0.518,185.0,77.0,0,1,0
5607,248.0,209.0,13.0,8.0,0.503,240.0,80.0,0,1,0
13199,483.0,213.0,194.0,25.0,0.5539999999999999,220.0,77.0,0,0,1
11028,251.0,218.0,27.0,61.0,0.468,205.0,81.0,0,0,0
23791,143.0,114.0,5.0,44.0,0.5670000000000001,207.0,80.0,0,1,0
1468,63.0,80.0,7.0,10.0,0.426,240.0,82.0,0,1,0
28021,1660.0,815.0,119.0,112.0,0.523,215.0,80.0,0,1,0
17407,612.0,445.0,40.0,141.0,0.5720000000000001,237.0,82.0,0,0,0
9968,72.0,70.0,20.0,11.0,0.487,200.0,79.0,0,1,0
3023,267.0,133.0,28.0,23.0,0.526,225.0,81.0,0,0,0
13908,50.0,21.0,30.0,0.0,0.41,200.0,73.0,0,0,1
28265,895.0,327.0,169.0,8.0,0.479,195.0,76.0,0,0,1
21957,893.0,327.0,321.0,10.0,0.524,205.0,77.0,0,0,1
11072,972.0,404.0,152.0,33.0,0.5,189.0,75.0,0,0,1
22527,90.0,52.0,33.0,4.0,0.431,180.0,73.0,0,0,1
14679,723.0,417.0,42.0,154.0,0.544,260.0,84.0,0,0,0
22294,88.0,68.0,27.0,1.0,0.653,200.0,76.0,0,0,1
24666,825.0,349.0,103.0,10.0,0.466,205.0,78.0,0,0,1
12012,99.0,39.0,27.0,3.0,0.448,211.0,76.0,0,0,1
16457,601.0,179.0,106.0,11.0,0.55,175.0,76.0,0,0,1
12285,1789.0,360.0,200.0,9.0,0.544,195.0,76.0,0,0,1
24851,263.0,181.0,58.0,15.0,0.468,225.0,79.0,0,1,0
27358,664.0,276.0,282.0,10.0,0.526,185.0,73.0,0,0,1
22147,161.0,130.0,17.0,28.0,0.41,230.0,81.0,0,0,0
2922,773.0,436.0,75.0,26.0,0.53,230.0,78.0,0,1,0
9185,914.0,622.0,84.0,89.0,0.56,245.0,82.0,0,1,0
28348,971.0,439.0,261.0,38.0,0.529,185.0,75.0,0,0,1
12159,42.0,39.0,4.0,6.0,0.515,230.0,79.0,0,0,0
12204,421.0,273.0,56.0,49.0,0.498,210.0,79.0,0,1,0
16568,1193.0,741.0,95.0,62.0,0.467,190.0,79.0,0,1,0
25405,561.0,321.0,37.0,62.0,0.5660000000000001,215.0,79.0,0,1,0
18839,939.0,446.0,94.0,25.0,0.53,210.0,79.0,0,1,0
9454,943.0,148.0,248.0,0.0,0.626,160.0,71.0,0,0,1
27385,493.0,125.0,66.0,4.0,0.511,180.0,76.0,0,0,1
23918,1016.0,153.0,124.0,4.0,0.541,185.0,71.0,0,0,1
23645,858.0,320.0,47.0,31.0,0.552,220.0,80.0,0,1,0
20480,1073.0,476.0,667.0,10.0,0.521,190.0,72.0,0,0,1
15678,977.0,515.0,104.0,37.0,0.535,215.0,77.0,0,0,1
27092,17.0,9.0,11.0,0.0,0.342,175.0,71.0,0,0,1
16326,2276.0,428.0,317.0,9.0,0.569,190.0,75.0,0,0,1
7356,773.0,157.0,155.0,7.0,0.556,187.0,75.0,0,0,1
31154,32.0,14.0,8.0,0.0,0.518,195.0,76.0,0,0,1
6486,839.0,354.0,98.0,28.0,0.58,215.0,80.0,0,1,0
25574,1150.0,546.0,171.0,31.0,0.502,235.0,78.0,0,1,0
21759,931.0,719.0,81.0,156.0,0.581,228.0,79.0,0,1,0
3926,1320.0,775.0,103.0,149.0,0.602,265.0,84.0,0,0,0
8823,236.0,150.0,6.0,38.0,0.424,225.0,78.0,0,1,0
2944,63.0,61.0,5.0,6.0,0.595,245.0,79.0,0,1,0
27542,624.0,390.0,24.0,39.0,0.583,210.0,80.0,0,1,0
23059,1178.0,682.0,286.0,38.0,0.599,225.0,78.0,0,0,1
2295,46.0,18.0,27.0,0.0,0.361,175.0,72.0,0,0,1
20813,1035.0,691.0,98.0,198.0,0.593,225.0,82.0,0,1,0
15504,1400.0,403.0,119.0,26.0,0.589,210.0,77.0,0,0,1
18017,1750.0,439.0,632.0,14.0,0.578,175.0,74.0,0,0,1
8779,294.0,267.0,10.0,48.0,0.461,250.0,81.0,0,0,0
29436,415.0,309.0,32.0,81.0,0.511,250.0,83.0,0,0,0
15226,33.0,12.0,32.0,0.0,0.299,170.0,74.0,0,0,1
24150,21.0,28.0,12.0,4.0,0.35100000000000003,200.0,80.0,0,1,0
16787,405.0,287.0,32.0,52.0,0.56,195.0,81.0,0,1,0
17025,1058.0,697.0,49.0,52.0,0.5489999999999999,245.0,82.0,0,0,0
3340,325.0,265.0,98.0,18.0,0.45,200.0,78.0,0,0,1
26888,931.0,258.0,604.0,6.0,0.58,180.0,73.0,0,0,1
12023,655.0,370.0,43.0,31.0,0.546,235.0,82.0,0,0,0
9230,1051.0,372.0,304.0,9.0,0.484,175.0,76.0,0,0,1
18467,306.0,258.0,36.0,22.0,0.528,225.0,78.0,0,1,0
14145,686.0,337.0,154.0,17.0,0.5,180.0,75.0,0,0,1
14079,239.0,97.0,48.0,14.0,0.531,195.0,77.0,0,0,1
11812,720.0,82.0,113.0,1.0,0.601,184.0,73.0,0,0,1
27015,613.0,428.0,62.0,88.0,0.495,215.0,80.0,0,0,0
8720,482.0,203.0,41.0,34.0,0.531,210.0,74.0,0,0,1
2665,149.0,95.0,21.0,7.0,0.504,210.0,78.0,0,1,0
9906,398.0,415.0,44.0,39.0,0.472,260.0,81.0,0,0,0
10359,592.0,292.0,296.0,18.0,0.414,180.0,74.0,0,0,1
3907,747.0,311.0,159.0,27.0,0.593,225.0,78.0,0,0,1
26527,271.0,119.0,32.0,12.0,0.534,208.0,78.0,0,1,0
13294,1642.0,461.0,405.0,42.0,0.498,200.0,78.0,0,0,1
7294,1239.0,269.0,459.0,9.0,0.531,160.0,70.0,0,0,1
30387,929.0,584.0,133.0,118.0,0.507,211.0,82.0,0,1,0
8566,1539.0,488.0,214.0,14.0,0.525,205.0,77.0,0,0,1
1451,841.0,313.0,130.0,44.0,0.555,205.0,78.0,0,1,0
5390,961.0,679.0,70.0,39.0,0.556,260.0,79.0,0,1,0
13560,602.0,253.0,61.0,28.0,0.5479999999999999,225.0,80.0,0,1,0
5873,1464.0,373.0,373.0,17.0,0.56,192.0,74.0,0,0,1
10095,154.0,65.0,39.0,1.0,0.451,200.0,74.0,0,0,1
11621,75.0,61.0,22.0,1.0,0.482,189.0,74.0,0,0,1
23432,1270.0,387.0,187.0,45.0,0.532,175.0,77.0,0,0,1
26223,319.0,298.0,19.0,55.0,0.531,267.0,82.0,0,1,0
20654,1153.0,297.0,247.0,22.0,0.5529999999999999,195.0,74.0,0,0,1
10853,59.0,16.0,30.0,0.0,0.4370000000000001,155.0,69.0,0,0,1
12162,322.0,190.0,27.0,25.0,0.556,243.0,81.0,0,0,0
2961,353.0,289.0,32.0,33.0,0.545,243.0,81.0,0,0,0
5451,987.0,622.0,181.0,94.0,0.501,230.0,81.0,0,0,0
19483,254.0,134.0,27.0,11.0,0.504,180.0,75.0,0,0,1
25179,698.0,457.0,33.0,177.0,0.617,270.0,86.0,0,0,0
962,739.0,160.0,154.0,0.0,0.573,150.0,80.0,0,0,0
561,96.0,34.0,20.0,1.0,0.402,180.0,75.0,0,0,1
18583,989.0,289.0,423.0,23.0,0.513,180.0,70.0,0,0,1
28320,298.0,34.0,46.0,0.0,0.534,175.0,70.0,0,0,1
3582,280.0,265.0,13.0,53.0,0.626,240.0,81.0,0,1,0
5828,1280.0,313.0,315.0,18.0,0.525,175.0,71.0,0,0,1
8146,586.0,301.0,407.0,3.0,0.465,175.0,72.0,0,0,1
98,9.0,9.0,2.0,0.0,0.313,205.0,74.0,0,0,1
22227,22.0,13.0,4.0,1.0,0.44,195.0,75.0,0,0,1
28874,183.0,131.0,16.0,24.0,0.542,235.0,80.0,0,0,0
4110,467.0,225.0,124.0,9.0,0.525,195.0,79.0,0,0,1
12273,588.0,363.0,171.0,9.0,0.471,208.0,77.0,0,0,1
1563,367.0,186.0,51.0,8.0,0.441,235.0,77.0,0,1,0
18288,568.0,157.0,92.0,7.0,0.471,192.0,77.0,0,0,1
2298,202.0,141.0,19.0,29.0,0.461,260.0,82.0,0,0,0
8151,1130.0,188.0,313.0,8.0,0.529,195.0,78.0,0,0,1
16278,144.0,130.0,21.0,20.0,0.4270000000000001,240.0,80.0,0,1,0
23247,509.0,97.0,96.0,2.0,0.463,189.0,70.0,0,0,1
26491,283.0,271.0,17.0,53.0,0.469,231.0,80.0,0,0,0
14045,434.0,203.0,76.0,24.0,0.528,195.0,76.0,0,0,1
26062,615.0,266.0,207.0,4.0,0.546,180.0,72.0,0,0,1
551,716.0,244.0,233.0,21.0,0.421,170.0,73.0,0,0,1
28262,95.0,64.0,2.0,7.0,0.585,309.0,78.0,0,0,0
939,168.0,57.0,42.0,1.0,0.485,175.0,73.0,0,0,1
3308,2004.0,988.0,249.0,250.0,0.591,250.0,79.0,0,1,0
20069,324.0,95.0,62.0,3.0,0.422,178.0,70.0,0,0,1
6334,270.0,107.0,51.0,9.0,0.467,189.0,76.0,0,0,1
28845,107.0,69.0,8.0,8.0,0.491,215.0,80.0,0,1,0
27290,596.0,297.0,78.0,25.0,0.526,200.0,77.0,0,0,1
26438,319.0,142.0,64.0,10.0,0.509,205.0,76.0,0,0,1
9903,80.0,26.0,26.0,1.0,0.5429999999999999,170.0,70.0,0,0,1
19354,333.0,337.0,32.0,146.0,0.5479999999999999,238.0,82.0,0,0,0
18855,652.0,251.0,40.0,22.0,0.534,200.0,76.0,0,0,1
8884,616.0,166.0,183.0,2.0,0.5489999999999999,160.0,71.0,0,0,1
1440,129.0,123.0,19.0,3.0,0.45,221.0,78.0,0,1,0
3182,1306.0,303.0,196.0,9.0,0.609,185.0,74.0,0,0,1
19269,1382.0,549.0,148.0,87.0,0.5710000000000001,210.0,80.0,0,1,0
18858,238.0,65.0,18.0,1.0,0.5660000000000001,170.0,75.0,0,0,1
16181,775.0,489.0,165.0,26.0,0.523,225.0,81.0,0,1,0
21397,1195.0,562.0,112.0,68.0,0.635,210.0,80.0,0,1,0
4373,159.0,116.0,153.0,16.0,0.391,190.0,74.0,0,0,1
25663,67.0,44.0,8.0,8.0,0.498,272.0,83.0,0,0,0
28529,928.0,308.0,173.0,5.0,0.5379999999999999,193.0,74.0,0,0,1
3771,510.0,261.0,42.0,23.0,0.5489999999999999,230.0,81.0,0,1,0
11452,1380.0,755.0,244.0,119.0,0.5720000000000001,210.0,78.0,0,1,0
15450,451.0,312.0,192.0,20.0,0.503,222.0,77.0,0,0,1
26433,609.0,188.0,111.0,6.0,0.456,190.0,75.0,0,0,1
15480,1202.0,511.0,145.0,66.0,0.52,210.0,80.0,0,1,0
2469,1509.0,534.0,272.0,5.0,0.564,215.0,78.0,0,0,1
19107,694.0,180.0,190.0,3.0,0.501,175.0,78.0,0,1,0
7543,646.0,275.0,78.0,17.0,0.459,205.0,78.0,0,1,0
8423,934.0,270.0,247.0,3.0,0.56,185.0,77.0,0,1,0
31421,116.0,124.0,31.0,11.0,0.42,230.0,80.0,0,1,0
8572,160.0,176.0,13.0,20.0,0.501,252.0,82.0,0,0,0
3705,1180.0,378.0,600.0,6.0,0.534,175.0,72.0,0,0,1
11402,1111.0,857.0,164.0,84.0,0.519,215.0,79.0,0,1,0
15986,56.0,27.0,12.0,2.0,0.385,195.0,78.0,0,0,1
8164,1062.0,659.0,129.0,46.0,0.515,220.0,79.0,0,1,0
23734,547.0,409.0,52.0,42.0,0.539,240.0,80.0,0,1,0
12909,1289.0,370.0,498.0,17.0,0.5489999999999999,170.0,74.0,0,0,1
12907,954.0,236.0,229.0,7.0,0.53,186.0,72.0,0,0,1
19410,272.0,136.0,62.0,10.0,0.483,215.0,78.0,0,0,1
30195,1225.0,372.0,569.0,16.0,0.552,189.0,74.0,0,0,1
16791,1137.0,273.0,300.0,15.0,0.509,176.0,71.0,0,0,1
5466,143.0,137.0,9.0,35.0,0.504,250.0,82.0,0,0,0
1351,464.0,125.0,129.0,3.0,0.4970000000000001,190.0,75.0,0,0,1
17032,546.0,195.0,138.0,23.0,0.526,175.0,75.0,0,0,1
7326,1064.0,629.0,63.0,42.0,0.529,185.0,78.0,0,1,0
11048,196.0,96.0,20.0,6.0,0.531,220.0,77.0,0,1,0
16565,245.0,93.0,28.0,5.0,0.47,185.0,77.0,0,1,0
26908,68.0,65.0,10.0,10.0,0.48,250.0,79.0,0,0,0
11600,144.0,88.0,40.0,5.0,0.509,220.0,79.0,0,1,0
23844,26.0,28.0,2.0,0.0,0.486,230.0,80.0,0,1,0
3474,96.0,134.0,14.0,10.0,0.49,215.0,80.0,0,1,0
7291,695.0,767.0,363.0,15.0,0.597,205.0,77.0,0,0,1
101,326.0,111.0,65.0,4.0,0.5529999999999999,200.0,77.0,0,0,1
30662,199.0,117.0,33.0,6.0,0.4270000000000001,170.0,76.0,0,0,1
23307,1305.0,383.0,148.0,2.0,0.526,180.0,72.0,0,0,1
18573,71.0,124.0,6.0,34.0,0.486,230.0,79.0,0,1,0
16983,616.0,508.0,484.0,22.0,0.468,195.0,74.0,0,0,1
7321,649.0,254.0,221.0,2.0,0.463,185.0,71.0,0,0,1
8142,128.0,103.0,26.0,4.0,0.56,190.0,75.0,0,0,1
5839,1219.0,289.0,393.0,33.0,0.5539999999999999,185.0,73.0,0,0,1
21176,1015.0,320.0,354.0,17.0,0.514,185.0,72.0,0,0,1
17540,26.0,24.0,13.0,0.0,0.341,175.0,72.0,0,0,1
22747,1226.0,455.0,437.0,32.0,0.4970000000000001,181.0,72.0,0,0,1
23487,1387.0,254.0,192.0,23.0,0.607,200.0,77.0,0,0,1
12922,1601.0,887.0,148.0,162.0,0.537,226.0,80.0,0,1,0
23653,880.0,533.0,76.0,49.0,0.5870000000000001,215.0,78.0,0,1,0
846,384.0,312.0,61.0,72.0,0.501,260.0,80.0,0,1,0
24633,59.0,21.0,21.0,1.0,0.489,200.0,77.0,0,0,1
21336,428.0,115.0,108.0,2.0,0.508,175.0,73.0,0,0,1
29212,769.0,190.0,163.0,3.0,0.48,185.0,74.0,0,0,1
28213,388.0,274.0,36.0,28.0,0.657,235.0,78.0,0,1,0
16083,1117.0,205.0,98.0,3.0,0.509,180.0,73.0,0,0,1
17649,240.0,55.0,38.0,10.0,0.483,205.0,79.0,0,1,0
27620,1347.0,320.0,326.0,32.0,0.504,180.0,71.0,0,0,1
700,1178.0,596.0,142.0,37.0,0.5660000000000001,240.0,80.0,0,1,0
21598,531.0,488.0,30.0,69.0,0.51,220.0,80.0,0,0,0
5283,124.0,179.0,9.0,65.0,0.413,245.0,82.0,0,0,0
29106,369.0,133.0,36.0,2.0,0.573,200.0,78.0,0,1,0
21267,591.0,336.0,52.0,44.0,0.539,280.0,82.0,0,0,0
14586,153.0,162.0,7.0,33.0,0.519,220.0,79.0,0,1,0
16407,664.0,388.0,218.0,21.0,0.503,220.0,78.0,0,1,0
20995,180.0,85.0,114.0,2.0,0.523,180.0,71.0,0,0,1
16850,287.0,243.0,59.0,19.0,0.488,220.0,79.0,0,1,0
16436,827.0,270.0,125.0,1.0,0.479,185.0,74.0,0,0,1
16268,925.0,298.0,175.0,21.0,0.5670000000000001,195.0,74.0,0,0,1
19826,925.0,269.0,105.0,17.0,0.55,205.0,76.0,0,0,1
8653,235.0,97.0,26.0,7.0,0.477,188.0,77.0,0,0,1
21870,459.0,224.0,226.0,6.0,0.477,172.0,69.0,0,0,1
1607,562.0,399.0,32.0,68.0,0.46,245.0,80.0,0,1,0
28253,721.0,229.0,161.0,4.0,0.489,170.0,70.0,0,0,1
26200,60.0,34.0,49.0,3.0,0.426,180.0,75.0,0,0,1
18121,763.0,376.0,258.0,12.0,0.491,202.0,75.0,0,0,1
1155,235.0,102.0,32.0,6.0,0.463,212.0,78.0,0,0,1
22265,1200.0,483.0,269.0,27.0,0.537,225.0,74.0,0,0,1
20686,991.0,484.0,108.0,29.0,0.529,220.0,79.0,0,1,0
20263,1717.0,552.0,178.0,32.0,0.556,184.0,74.0,0,0,1
24084,1546.0,727.0,286.0,63.0,0.578,215.0,78.0,0,1,0
22035,985.0,623.0,100.0,53.0,0.5329999999999999,210.0,80.0,0,0,1
18901,175.0,131.0,1.0,29.0,0.627,225.0,80.0,0,1,0
21334,202.0,152.0,25.0,36.0,0.5670000000000001,240.0,81.0,0,0,0
6801,54.0,32.0,32.0,2.0,0.513,180.0,75.0,0,0,1
23959,871.0,249.0,509.0,5.0,0.5479999999999999,165.0,69.0,0,0,1
10664,223.0,145.0,132.0,0.0,0.507,189.0,72.0,0,0,1
5286,249.0,61.0,90.0,0.0,0.625,170.0,70.0,0,0,1
18261,659.0,259.0,226.0,16.0,0.526,185.0,74.0,0,0,1
5510,1800.0,816.0,134.0,43.0,0.513,240.0,77.0,0,1,0
24561,625.0,164.0,112.0,4.0,0.5670000000000001,185.0,75.0,0,0,1
25597,41.0,78.0,94.0,7.0,0.33,195.0,74.0,0,0,1
10433,99.0,155.0,18.0,12.0,0.537,240.0,81.0,0,0,0
10859,1321.0,693.0,101.0,78.0,0.585,221.0,78.0,0,1,0
14653,9.0,12.0,5.0,1.0,0.161,190.0,77.0,0,0,1
17768,1971.0,417.0,515.0,13.0,0.5579999999999999,165.0,70.0,0,0,1
15783,212.0,139.0,16.0,5.0,0.519,215.0,78.0,0,1,0
21652,452.0,384.0,27.0,92.0,0.531,230.0,80.0,0,0,0
27765,1054.0,564.0,100.0,85.0,0.585,240.0,80.0,0,1,0
23602,1313.0,348.0,579.0,12.0,0.574,185.0,74.0,0,0,1
18365,248.0,120.0,80.0,13.0,0.421,150.0,71.0,0,0,1
26229,152.0,201.0,23.0,25.0,0.562,215.0,80.0,0,1,0
1237,226.0,104.0,27.0,9.0,0.545,216.0,77.0,0,0,1
19857,294.0,231.0,17.0,11.0,0.526,240.0,78.0,0,0,0
7150,1074.0,325.0,281.0,28.0,0.547,175.0,75.0,0,0,1
18508,912.0,387.0,173.0,21.0,0.5429999999999999,255.0,77.0,0,1,0
1541,1366.0,835.0,183.0,281.0,0.519,180.0,79.0,0,1,0
14371,389.0,136.0,84.0,14.0,0.499,170.0,75.0,0,0,1
11770,331.0,102.0,72.0,2.0,0.5489999999999999,170.0,72.0,0,0,1
1570,316.0,255.0,43.0,9.0,0.506,190.0,75.0,0,0,1
14628,558.0,372.0,54.0,83.0,0.477,241.0,80.0,0,1,0
5070,985.0,198.0,142.0,8.0,0.514,185.0,73.0,0,0,1
17715,386.0,212.0,114.0,45.0,0.488,200.0,77.0,0,1,0
4240,543.0,199.0,294.0,1.0,0.517,160.0,70.0,0,0,1
15850,342.0,67.0,72.0,1.0,0.487,175.0,70.0,0,0,1
6303,876.0,1028.0,219.0,59.0,0.485,245.0,80.0,0,1,0
18628,1718.0,1208.0,95.0,11.0,0.5579999999999999,205.0,80.0,0,1,0
9138,729.0,366.0,112.0,35.0,0.593,230.0,83.0,0,1,0
12095,655.0,218.0,360.0,8.0,0.53,165.0,69.0,0,0,1
29557,3.0,5.0,0.0,0.0,0.19,210.0,80.0,0,1,0
14549,98.0,104.0,29.0,22.0,0.36,230.0,81.0,0,1,0
30189,10.0,12.0,1.0,1.0,0.324,195.0,78.0,0,1,0
10017,241.0,83.0,99.0,7.0,0.473,189.0,75.0,0,0,1
17235,837.0,356.0,295.0,53.0,0.487,185.0,75.0,0,0,1
16466,300.0,239.0,40.0,46.0,0.496,205.0,80.0,0,1,0
13017,525.0,153.0,177.0,1.0,0.4970000000000001,160.0,72.0,0,0,1
14955,111.0,72.0,5.0,26.0,0.503,225.0,80.0,0,1,0
15911,198.0,85.0,49.0,11.0,0.5579999999999999,185.0,74.0,0,0,1
19800,92.0,56.0,15.0,1.0,0.41,160.0,75.0,0,0,1
20691,359.0,84.0,61.0,2.0,0.527,175.0,74.0,0,0,1
22170,82.0,25.0,18.0,0.0,0.547,175.0,73.0,0,0,1
9945,418.0,246.0,22.0,28.0,0.53,265.0,82.0,0,0,0
21211,391.0,299.0,37.0,74.0,0.596,240.0,82.0,0,1,0
14231,812.0,564.0,103.0,18.0,0.599,215.0,80.0,0,1,0
22365,1433.0,463.0,224.0,50.0,0.562,210.0,78.0,0,0,1
10897,195.0,104.0,129.0,5.0,0.458,189.0,72.0,0,0,1
18964,84.0,37.0,33.0,3.0,0.424,208.0,75.0,0,0,1
8012,41.0,42.0,1.0,3.0,0.458,215.0,77.0,0,1,0
14983,1479.0,658.0,83.0,79.0,0.585,228.0,80.0,0,1,0
8509,37.0,10.0,24.0,0.0,0.511,155.0,72.0,0,0,1
31513,1991.0,506.0,505.0,36.0,0.588,175.0,72.0,0,0,1
7222,1342.0,880.0,117.0,85.0,0.561,265.0,83.0,0,0,0
555,66.0,86.0,10.0,6.0,0.32,190.0,78.0,0,1,0
26354,863.0,371.0,182.0,27.0,0.551,213.0,78.0,0,0,1
31152,20.0,12.0,6.0,3.0,0.468,245.0,82.0,0,0,0
27366,81.0,18.0,31.0,2.0,0.605,180.0,75.0,0,0,1
28503,16.0,7.0,0.0,0.0,0.737,165.0,74.0,0,0,1
10320,888.0,642.0,177.0,81.0,0.5760000000000001,215.0,79.0,0,1,0
21073,641.0,170.0,184.0,1.0,0.57,180.0,73.0,0,0,1
23611,653.0,551.0,44.0,113.0,0.594,225.0,82.0,0,0,0
29751,784.0,317.0,362.0,9.0,0.55,205.0,77.0,0,0,1
1156,297.0,113.0,21.0,17.0,0.6509999999999999,240.0,81.0,0,1,0
18920,636.0,331.0,90.0,39.0,0.527,195.0,77.0,0,1,0
17620,807.0,757.0,111.0,25.0,0.557,230.0,77.0,0,1,0
24657,585.0,539.0,69.0,83.0,0.43,220.0,83.0,0,1,0
13368,102.0,129.0,9.0,9.0,0.557,235.0,78.0,0,1,0
952,881.0,667.0,132.0,151.0,0.5710000000000001,230.0,82.0,0,0,0
5935,1414.0,1292.0,240.0,79.0,0.561,245.0,83.0,0,0,0
22464,180.0,121.0,10.0,18.0,0.611,280.0,83.0,0,0,0
9987,12.0,13.0,1.0,4.0,0.317,190.0,80.0,0,1,0
7445,518.0,311.0,161.0,22.0,0.451,195.0,76.0,0,0,1
16463,245.0,186.0,25.0,21.0,0.501,205.0,80.0,0,1,0
17846,410.0,210.0,18.0,15.0,0.5720000000000001,275.0,83.0,0,1,0
25651,323.0,85.0,44.0,2.0,0.527,180.0,74.0,0,0,1
18306,946.0,555.0,204.0,25.0,0.557,200.0,76.0,0,0,1
21080,994.0,178.0,184.0,7.0,0.6,170.0,72.0,0,0,1
25324,867.0,484.0,97.0,51.0,0.542,205.0,80.0,0,1,0
10366,1104.0,910.0,150.0,90.0,0.5539999999999999,265.0,78.0,0,1,0
27475,380.0,280.0,57.0,48.0,0.529,200.0,80.0,0,1,0
15967,646.0,477.0,75.0,83.0,0.525,210.0,80.0,0,1,0
1928,461.0,276.0,94.0,9.0,0.449,205.0,77.0,0,1,0
18473,894.0,456.0,138.0,32.0,0.503,220.0,77.0,0,0,1
12676,668.0,160.0,76.0,3.0,0.56,180.0,74.0,0,0,1
8449,1692.0,278.0,307.0,12.0,0.5589999999999999,165.0,73.0,0,0,1
246,773.0,238.0,77.0,17.0,0.499,200.0,75.0,0,0,1
22310,1726.0,737.0,273.0,41.0,0.529,170.0,76.0,0,0,1
3166,1367.0,687.0,337.0,46.0,0.594,220.0,78.0,0,0,1
15910,965.0,590.0,87.0,204.0,0.523,215.0,79.0,0,1,0
3267,120.0,96.0,27.0,6.0,0.441,222.0,77.0,0,1,0
22678,36.0,16.0,21.0,0.0,0.47,175.0,71.0,0,0,1
26403,145.0,166.0,8.0,81.0,0.5,260.0,84.0,0,0,0
1071,381.0,184.0,145.0,3.0,0.48,210.0,74.0,0,0,1
25260,386.0,225.0,130.0,36.0,0.534,220.0,77.0,0,1,0
2361,687.0,328.0,299.0,9.0,0.528,205.0,76.0,0,0,1
3619,796.0,250.0,94.0,34.0,0.461,220.0,78.0,0,1,0
11398,782.0,569.0,119.0,95.0,0.52,230.0,81.0,0,1,0
18612,146.0,57.0,43.0,5.0,0.51,192.0,78.0,0,1,0
24899,1920.0,363.0,270.0,21.0,0.547,200.0,73.0,0,0,1
16282,427.0,341.0,119.0,3.0,0.496,205.0,76.0,0,0,1
6167,175.0,29.0,29.0,2.0,0.524,190.0,70.0,0,0,1
9489,532.0,199.0,164.0,4.0,0.529,190.0,73.0,0,0,1
18579,43.0,60.0,5.0,10.0,0.457,240.0,85.0,0,0,0
237,201.0,241.0,20.0,50.0,0.501,260.0,78.0,0,1,0
15974,127.0,77.0,72.0,8.0,0.393,180.0,75.0,0,0,1
4258,953.0,411.0,183.0,57.0,0.532,195.0,78.0,0,0,1
29254,1494.0,775.0,249.0,155.0,0.5429999999999999,250.0,81.0,0,0,0
14633,697.0,372.0,42.0,32.0,0.581,220.0,79.0,0,1,0
27141,1001.0,400.0,145.0,32.0,0.544,215.0,77.0,0,0,1
15512,1018.0,373.0,120.0,32.0,0.519,225.0,79.0,0,0,1
26226,261.0,174.0,26.0,23.0,0.532,235.0,81.0,0,0,1
25777,186.0,130.0,25.0,71.0,0.4970000000000001,250.0,83.0,0,0,0
4025,88.0,72.0,27.0,1.0,0.605,210.0,78.0,0,1,0
6196,612.0,431.0,82.0,107.0,0.532,225.0,83.0,0,0,0
10761,188.0,89.0,17.0,11.0,0.489,210.0,81.0,0,1,0
11727,343.0,105.0,96.0,2.0,0.536,189.0,73.0,0,0,1
31416,874.0,215.0,493.0,2.0,0.52,170.0,72.0,0,0,1
4257,2304.0,508.0,541.0,13.0,0.516,175.0,74.0,0,0,1
27421,348.0,206.0,26.0,23.0,0.59,215.0,79.0,0,1,0
18436,674.0,237.0,69.0,9.0,0.493,185.0,75.0,0,0,1
3984,378.0,239.0,357.0,10.0,0.476,177.0,72.0,0,0,1
8651,137.0,130.0,38.0,16.0,0.517,210.0,78.0,0,1,0
6947,126.0,166.0,10.0,64.0,0.4320000000000001,250.0,84.0,0,0,0
25007,150.0,154.0,21.0,7.0,0.451,207.0,80.0,0,1,0
30818,917.0,311.0,80.0,7.0,0.526,195.0,75.0,0,0,1
16026,250.0,133.0,20.0,5.0,0.469,225.0,78.0,0,1,0
15860,74.0,37.0,19.0,0.0,0.528,160.0,73.0,0,0,1
23084,1617.0,741.0,245.0,113.0,0.5379999999999999,225.0,80.0,0,1,0
10730,1316.0,535.0,229.0,65.0,0.609,221.0,80.0,0,1,0
14156,1132.0,276.0,373.0,0.0,0.5489999999999999,175.0,70.0,0,0,1
4208,752.0,404.0,70.0,31.0,0.517,225.0,81.0,0,1,0
13140,991.0,396.0,279.0,34.0,0.542,180.0,73.0,0,0,1
31047,609.0,409.0,46.0,139.0,0.523,240.0,80.0,0,0,0
8622,410.0,391.0,49.0,96.0,0.463,245.0,81.0,0,0,0
19726,139.0,145.0,23.0,6.0,0.462,235.0,80.0,0,1,0
24497,98.0,48.0,7.0,3.0,0.412,180.0,73.0,0,0,1
25172,207.0,205.0,19.0,38.0,0.464,240.0,82.0,0,0,0
17497,918.0,224.0,112.0,4.0,0.5589999999999999,210.0,74.0,0,0,1
28071,416.0,156.0,194.0,9.0,0.491,185.0,75.0,0,0,1
20532,289.0,115.0,70.0,8.0,0.573,205.0,78.0,0,0,1
10546,984.0,533.0,64.0,83.0,0.595,215.0,80.0,0,0,0
2222,75.0,44.0,18.0,1.0,0.41,189.0,76.0,0,0,1
15692,750.0,179.0,86.0,16.0,0.503,200.0,77.0,0,0,1
17333,942.0,387.0,215.0,24.0,0.536,225.0,77.0,0,0,1
18122,966.0,597.0,51.0,76.0,0.602,238.0,80.0,0,1,0
10823,330.0,156.0,69.0,4.0,0.513,220.0,77.0,0,1,0
25976,1325.0,279.0,126.0,7.0,0.495,188.0,74.0,0,0,1
26635,479.0,122.0,170.0,5.0,0.485,160.0,70.0,0,0,1
27649,351.0,311.0,55.0,18.0,0.45,185.0,76.0,0,1,0
15796,341.0,183.0,27.0,54.0,0.508,210.0,77.0,0,1,0
5886,555.0,164.0,145.0,14.0,0.557,182.0,73.0,0,0,1
14657,667.0,300.0,135.0,25.0,0.511,209.0,77.0,0,0,1
29821,501.0,279.0,172.0,15.0,0.524,205.0,73.0,0,0,1
9691,109.0,63.0,16.0,6.0,0.502,221.0,78.0,0,1,0
21611,1499.0,1210.0,177.0,167.0,0.519,240.0,81.0,0,1,0
12392,162.0,121.0,12.0,20.0,0.491,220.0,79.0,0,1,0
30047,1178.0,468.0,234.0,23.0,0.537,190.0,75.0,0,0,1
1069,254.0,228.0,65.0,21.0,0.511,235.0,79.0,0,0,0
28459,993.0,266.0,228.0,5.0,0.5770000000000001,175.0,71.0,0,0,1
26843,148.0,29.0,41.0,2.0,0.506,210.0,77.0,0,0,1
3670,1775.0,512.0,342.0,16.0,0.573,195.0,75.0,0,0,1
24703,17.0,20.0,1.0,2.0,0.54,230.0,80.0,0,1,0
19139,76.0,45.0,18.0,2.0,0.399,175.0,74.0,0,0,1
17188,417.0,292.0,156.0,23.0,0.488,215.0,76.0,0,0,1
2621,1054.0,509.0,81.0,25.0,0.551,245.0,78.0,0,1,0
3045,2031.0,1053.0,222.0,159.0,0.5770000000000001,225.0,80.0,0,1,0
1909,39.0,49.0,42.0,1.0,0.408,174.0,75.0,0,0,1
25983,60.0,32.0,90.0,1.0,0.439,158.0,71.0,0,0,1
19211,80.0,44.0,20.0,1.0,0.42,200.0,75.0,0,0,1
6695,336.0,124.0,39.0,6.0,0.441,221.0,78.0,0,1,0
30366,201.0,118.0,9.0,19.0,0.519,265.0,82.0,0,0,0
4356,1033.0,433.0,340.0,20.0,0.5379999999999999,185.0,77.0,0,0,1
11059,108.0,50.0,19.0,4.0,0.453,215.0,78.0,0,1,0
30862,1545.0,586.0,233.0,9.0,0.551,220.0,78.0,0,0,1
9150,878.0,104.0,193.0,8.0,0.494,185.0,75.0,0,0,1
19312,414.0,248.0,55.0,97.0,0.454,243.0,81.0,0,1,0
7979,95.0,231.0,29.0,91.0,0.416,196.0,80.0,0,0,0
16663,351.0,166.0,45.0,8.0,0.457,210.0,76.0,0,0,1
10898,1282.0,271.0,171.0,10.0,0.491,195.0,75.0,0,0,1
4964,229.0,59.0,66.0,3.0,0.526,180.0,72.0,0,0,1
4519,892.0,523.0,64.0,61.0,0.5529999999999999,235.0,79.0,0,1,0
25406,212.0,128.0,21.0,6.0,0.513,210.0,79.0,0,1,0
29512,156.0,92.0,36.0,3.0,0.481,200.0,77.0,0,0,1
14195,243.0,296.0,44.0,14.0,0.491,239.0,77.0,0,1,0
19233,73.0,45.0,24.0,5.0,0.348,213.0,75.0,0,0,1
7594,193.0,152.0,27.0,10.0,0.5,215.0,80.0,0,1,0
10028,661.0,224.0,167.0,21.0,0.459,189.0,73.0,0,0,1
8824,92.0,48.0,51.0,1.0,0.56,170.0,74.0,0,0,1
26043,168.0,173.0,120.0,4.0,0.48,205.0,79.0,0,0,1
30240,111.0,85.0,5.0,12.0,0.517,215.0,79.0,0,1,0
15386,484.0,379.0,69.0,20.0,0.525,225.0,76.0,0,1,0
2115,93.0,95.0,15.0,2.0,0.455,215.0,78.0,0,1,0
13599,1143.0,486.0,114.0,51.0,0.53,225.0,79.0,0,1,0
4407,124.0,73.0,72.0,1.0,0.423,175.0,72.0,0,0,1
20312,91.0,68.0,2.0,8.0,0.43,295.0,80.0,0,0,0
30860,719.0,236.0,143.0,8.0,0.511,194.0,75.0,0,0,1
9464,26.0,10.0,11.0,0.0,0.455,201.0,77.0,0,1,0
4129,266.0,211.0,155.0,5.0,0.448,195.0,75.0,0,0,1
2536,894.0,242.0,133.0,15.0,0.527,216.0,78.0,0,0,1
21341,255.0,59.0,28.0,3.0,0.622,175.0,73.0,0,0,1
7069,1274.0,185.0,119.0,10.0,0.468,158.0,73.0,0,0,1
17409,233.0,290.0,30.0,96.0,0.586,210.0,82.0,0,1,0
2817,459.0,318.0,54.0,36.0,0.496,197.0,79.0,0,1,0
18714,35.0,48.0,2.0,11.0,0.382,217.0,79.0,0,1,0
2241,60.0,25.0,25.0,3.0,0.536,200.0,78.0,0,0,1
15192,400.0,212.0,31.0,13.0,0.523,235.0,80.0,0,1,0
14417,63.0,109.0,7.0,22.0,0.473,245.0,81.0,0,1,0
13293,965.0,294.0,125.0,40.0,0.513,205.0,76.0,0,1,0
11161,719.0,275.0,77.0,28.0,0.616,225.0,80.0,0,1,0
25718,8.0,8.0,2.0,0.0,0.336,193.0,75.0,0,0,1
19723,194.0,163.0,19.0,45.0,0.46,215.0,80.0,0,1,0
20345,193.0,76.0,115.0,2.0,0.453,183.0,69.0,0,0,1
6129,422.0,197.0,131.0,11.0,0.521,195.0,74.0,0,0,1
16012,425.0,336.0,33.0,118.0,0.6,270.0,82.0,0,0,0
29266,114.0,63.0,33.0,5.0,0.452,175.0,75.0,0,0,1
15578,191.0,180.0,74.0,22.0,0.498,200.0,78.0,0,1,0
7167,63.0,72.0,19.0,10.0,0.34700000000000003,221.0,80.0,0,1,0
11539,369.0,278.0,19.0,17.0,0.542,210.0,80.0,0,1,0
25267,2167.0,406.0,410.0,24.0,0.532,170.0,72.0,0,0,1
8900,1759.0,1083.0,141.0,245.0,0.539,255.0,81.0,0,0,0
22841,364.0,211.0,78.0,27.0,0.505,192.0,79.0,0,1,0
3724,1100.0,361.0,205.0,14.0,0.483,198.0,75.0,0,0,1
21487,1557.0,575.0,299.0,18.0,0.5760000000000001,195.0,74.0,0,0,1
30073,914.0,236.0,101.0,3.0,0.487,185.0,75.0,0,0,1
19843,72.0,22.0,8.0,1.0,0.412,175.0,73.0,0,0,1
5640,81.0,59.0,27.0,4.0,0.376,190.0,75.0,0,0,1
11698,1401.0,327.0,322.0,10.0,0.523,180.0,74.0,0,0,1
6047,848.0,425.0,112.0,88.0,0.5489999999999999,235.0,80.0,0,1,0
30746,1023.0,282.0,189.0,3.0,0.498,190.0,73.0,0,0,1
3138,463.0,214.0,78.0,30.0,0.486,215.0,79.0,0,0,1
27662,40.0,35.0,6.0,1.0,0.45,210.0,80.0,0,1,0
21783,55.0,56.0,4.0,8.0,0.522,230.0,79.0,0,1,0
22843,862.0,257.0,275.0,10.0,0.5489999999999999,190.0,74.0,0,0,1
29303,600.0,511.0,59.0,18.0,0.5579999999999999,225.0,79.0,0,1,0
7156,107.0,66.0,21.0,15.0,0.461,212.0,80.0,0,1,0
7826,857.0,194.0,239.0,4.0,0.544,180.0,72.0,0,0,1
28078,29.0,19.0,17.0,0.0,0.413,160.0,71.0,0,0,1
22092,64.0,76.0,2.0,26.0,0.506,214.0,80.0,0,1,0
6089,696.0,144.0,79.0,2.0,0.594,180.0,74.0,0,0,1
14503,930.0,357.0,84.0,16.0,0.579,230.0,81.0,0,1,0
12550,616.0,114.0,159.0,5.0,0.5,155.0,69.0,0,0,1
11606,716.0,245.0,152.0,20.0,0.5489999999999999,189.0,75.0,0,0,1
1343,733.0,262.0,459.0,16.0,0.561,150.0,68.0,0,0,1
27928,794.0,306.0,62.0,17.0,0.505,210.0,77.0,0,0,1
17708,750.0,199.0,57.0,14.0,0.5820000000000001,190.0,76.0,0,0,1
29834,737.0,281.0,96.0,26.0,0.507,210.0,79.0,0,0,1
4471,1514.0,151.0,296.0,6.0,0.519,180.0,73.0,0,0,1
9364,137.0,31.0,13.0,1.0,0.43,180.0,76.0,0,0,1
25308,1480.0,382.0,394.0,16.0,0.5489999999999999,190.0,74.0,0,0,1
8293,553.0,394.0,71.0,65.0,0.491,224.0,82.0,0,0,0
13955,45.0,18.0,10.0,0.0,0.405,205.0,76.0,0,1,0
15178,597.0,396.0,84.0,101.0,0.535,230.0,78.0,0,0,0
10765,1086.0,695.0,120.0,56.0,0.56,225.0,78.0,0,0,0
29324,448.0,103.0,86.0,4.0,0.54,209.0,78.0,0,0,1
1747,124.0,53.0,20.0,5.0,0.409,189.0,73.0,0,0,1
24444,1835.0,847.0,243.0,87.0,0.5670000000000001,235.0,81.0,0,1,0
27292,630.0,288.0,67.0,14.0,0.52,192.0,79.0,0,0,1
29489,599.0,407.0,66.0,41.0,0.487,240.0,79.0,0,1,0
30275,1233.0,272.0,246.0,6.0,0.542,175.0,75.0,0,0,1
13126,18.0,34.0,5.0,0.0,0.34600000000000003,240.0,81.0,0,1,0
15190,325.0,257.0,36.0,39.0,0.614,230.0,83.0,0,1,0
27762,1186.0,340.0,162.0,11.0,0.5670000000000001,210.0,77.0,0,0,1
8501,73.0,47.0,3.0,7.0,0.399,223.0,80.0,0,1,0
9577,1525.0,387.0,290.0,11.0,0.6579999999999999,221.0,77.0,0,1,0
15018,118.0,69.0,14.0,6.0,0.487,215.0,79.0,0,1,0
2830,1041.0,470.0,156.0,40.0,0.552,200.0,78.0,0,0,1
15132,96.0,58.0,19.0,3.0,0.337,195.0,74.0,0,0,1
29274,29.0,27.0,1.0,6.0,0.614,270.0,82.0,0,0,0
26415,23.0,22.0,3.0,7.0,0.508,250.0,84.0,0,0,0
13178,460.0,225.0,110.0,25.0,0.578,230.0,80.0,0,0,0
4245,968.0,392.0,144.0,3.0,0.518,200.0,75.0,0,0,1
8999,428.0,204.0,167.0,4.0,0.5660000000000001,185.0,76.0,0,0,1
7707,1810.0,276.0,230.0,11.0,0.604,195.0,73.0,0,0,1
28762,42.0,39.0,10.0,1.0,0.526,210.0,78.0,0,1,0
11019,739.0,231.0,205.0,3.0,0.531,175.0,75.0,0,0,1
17304,509.0,402.0,37.0,85.0,0.482,255.0,81.0,0,1,0
25450,918.0,494.0,160.0,45.0,0.499,235.0,78.0,0,1,0
25889,263.0,136.0,26.0,10.0,0.603,220.0,79.0,0,1,0
683,108.0,164.0,16.0,44.0,0.502,265.0,85.0,0,0,0
26514,1593.0,1455.0,227.0,101.0,0.544,230.0,81.0,0,0,0
15464,387.0,359.0,19.0,132.0,0.529,260.0,82.0,0,0,0
24045,1767.0,402.0,309.0,30.0,0.525,190.0,76.0,0,0,1
1620,40.0,56.0,28.0,39.0,0.493,225.0,80.0,0,0,0
690,393.0,151.0,70.0,18.0,0.58,220.0,78.0,0,1,0
9893,396.0,215.0,52.0,24.0,0.499,225.0,84.0,0,0,0
1492,581.0,271.0,60.0,41.0,0.439,220.0,81.0,0,0,1
24665,198.0,151.0,10.0,31.0,0.423,210.0,80.0,0,1,0
23102,407.0,167.0,127.0,8.0,0.556,178.0,74.0,0,0,1
23493,1058.0,333.0,121.0,11.0,0.5670000000000001,215.0,79.0,0,1,0
27078,248.0,132.0,8.0,4.0,0.496,230.0,81.0,0,1,0
22840,1114.0,447.0,101.0,18.0,0.578,230.0,81.0,0,1,0
16819,331.0,201.0,22.0,14.0,0.556,183.0,77.0,0,1,0
26764,113.0,142.0,13.0,62.0,0.484,215.0,81.0,0,1,0
23280,1232.0,920.0,141.0,222.0,0.588,240.0,80.0,0,1,0
287,814.0,326.0,60.0,17.0,0.534,185.0,75.0,0,1,0
1989,759.0,488.0,63.0,85.0,0.489,250.0,82.0,0,0,0
26183,324.0,56.0,50.0,2.0,0.643,185.0,74.0,0,0,1
25010,33.0,30.0,38.0,0.0,0.431,185.0,73.0,0,0,1
12261,171.0,69.0,101.0,0.0,0.518,170.0,71.0,0,0,1
28413,296.0,242.0,61.0,22.0,0.505,235.0,81.0,0,1,0
15292,13.0,12.0,1.0,1.0,0.411,218.0,81.0,0,1,0
1187,69.0,28.0,15.0,0.0,0.44,200.0,75.0,0,0,1
12470,156.0,121.0,110.0,6.0,0.506,190.0,76.0,0,0,1
25038,262.0,136.0,26.0,16.0,0.488,212.0,78.0,0,0,1
12373,412.0,202.0,96.0,16.0,0.485,215.0,78.0,0,0,1
6928,361.0,233.0,17.0,60.0,0.579,230.0,82.0,0,0,0
16212,899.0,499.0,82.0,58.0,0.565,210.0,79.0,0,1,0
20210,174.0,114.0,7.0,46.0,0.528,218.0,85.0,0,0,0
21899,25.0,19.0,3.0,2.0,0.433,230.0,80.0,0,1,0
11619,172.0,58.0,23.0,9.0,0.482,185.0,78.0,0,0,1
11494,1221.0,794.0,73.0,192.0,0.532,221.0,80.0,0,1,0
3397,975.0,283.0,70.0,73.0,0.598,205.0,78.0,0,1,0
21152,822.0,246.0,162.0,3.0,0.524,190.0,73.0,0,0,1
15624,1007.0,278.0,400.0,3.0,0.5429999999999999,172.0,71.0,0,0,1
21756,562.0,129.0,89.0,4.0,0.5329999999999999,190.0,74.0,0,0,1
4430,1302.0,572.0,235.0,11.0,0.54,180.0,75.0,0,0,1
28837,526.0,143.0,67.0,4.0,0.487,205.0,75.0,0,0,1
24634,195.0,259.0,18.0,31.0,0.54,260.0,83.0,0,0,0
19170,895.0,562.0,42.0,14.0,0.593,235.0,78.0,0,1,0
9818,773.0,336.0,118.0,18.0,0.5670000000000001,220.0,76.0,0,0,1
29070,394.0,189.0,109.0,15.0,0.493,195.0,73.0,0,0,1
14470,96.0,47.0,74.0,2.0,0.317,185.0,70.0,0,0,1
19574,464.0,399.0,120.0,31.0,0.486,215.0,78.0,0,1,0
18007,942.0,312.0,399.0,14.0,0.536,195.0,76.0,0,0,1
15100,296.0,266.0,105.0,37.0,0.4320000000000001,205.0,77.0,0,0,1
24369,390.0,131.0,50.0,8.0,0.5429999999999999,205.0,77.0,0,0,1
21747,2231.0,379.0,578.0,15.0,0.552,170.0,72.0,0,0,1
21003,463.0,144.0,45.0,12.0,0.4970000000000001,197.0,80.0,0,0,1
9703,570.0,372.0,162.0,49.0,0.511,200.0,76.0,0,0,1
5262,106.0,74.0,3.0,7.0,0.505,225.0,81.0,0,0,0
9367,876.0,319.0,89.0,20.0,0.5329999999999999,190.0,76.0,0,1,0
12260,245.0,235.0,44.0,35.0,0.455,265.0,83.0,0,0,0
4748,698.0,481.0,54.0,28.0,0.5579999999999999,210.0,80.0,0,1,0
4666,795.0,426.0,112.0,45.0,0.573,210.0,78.0,0,1,0
26733,564.0,169.0,56.0,13.0,0.5489999999999999,185.0,75.0,0,0,1
4286,1140.0,588.0,211.0,34.0,0.564,240.0,78.0,0,1,0
27603,1163.0,301.0,112.0,36.0,0.534,195.0,78.0,0,0,1
17435,117.0,32.0,63.0,1.0,0.471,155.0,69.0,0,0,1
27038,566.0,194.0,69.0,10.0,0.531,200.0,74.0,0,0,1
4973,285.0,236.0,50.0,18.0,0.52,225.0,79.0,0,1,0
13890,1287.0,338.0,313.0,10.0,0.5379999999999999,170.0,73.0,0,0,1
7582,1023.0,350.0,214.0,13.0,0.5760000000000001,195.0,76.0,0,0,1
2075,125.0,97.0,9.0,13.0,0.413,235.0,80.0,0,1,0
6788,1530.0,609.0,193.0,56.0,0.569,225.0,79.0,0,1,0
27213,490.0,375.0,47.0,70.0,0.511,240.0,83.0,0,0,0
28984,246.0,72.0,58.0,0.0,0.458,165.0,68.0,0,0,1
14319,677.0,248.0,417.0,3.0,0.443,175.0,71.0,0,0,1
25498,100.0,49.0,21.0,1.0,0.455,185.0,78.0,0,1,0
626,277.0,178.0,23.0,31.0,0.475,235.0,80.0,0,1,0
11707,1433.0,452.0,297.0,59.0,0.62,180.0,70.0,0,0,1
5449,112.0,73.0,15.0,4.0,0.397,215.0,79.0,0,1,0
31458,29.0,11.0,20.0,0.0,0.535,180.0,73.0,0,0,1
2157,1008.0,112.0,152.0,12.0,0.561,185.0,75.0,0,0,1
4923,469.0,427.0,34.0,24.0,0.5660000000000001,245.0,82.0,0,0,0
3462,835.0,481.0,497.0,7.0,0.486,177.0,72.0,0,0,1
29783,612.0,673.0,38.0,288.0,0.539,245.0,82.0,0,0,0
10292,1500.0,502.0,333.0,35.0,0.5760000000000001,210.0,76.0,0,1,0
8609,355.0,91.0,63.0,6.0,0.424,189.0,74.0,0,0,1
1002,255.0,185.0,40.0,17.0,0.52,210.0,78.0,0,1,0
23544,138.0,43.0,18.0,2.0,0.532,200.0,74.0,0,0,1
30703,54.0,61.0,9.0,9.0,0.31,205.0,81.0,0,1,0
1450,658.0,249.0,68.0,7.0,0.547,205.0,75.0,0,0,1
27191,255.0,117.0,119.0,4.0,0.452,180.0,73.0,0,0,1
10353,699.0,532.0,95.0,88.0,0.5660000000000001,235.0,81.0,0,0,0
6421,38.0,56.0,3.0,4.0,0.408,230.0,81.0,0,1,0
4139,1617.0,429.0,170.0,8.0,0.5720000000000001,205.0,75.0,0,0,1
17315,750.0,430.0,47.0,81.0,0.585,255.0,80.0,0,1,0
27621,119.0,145.0,31.0,38.0,0.43,210.0,82.0,0,1,0
1407,878.0,322.0,282.0,27.0,0.546,182.0,74.0,0,0,1
25090,614.0,345.0,39.0,21.0,0.509,210.0,79.0,0,1,0
20159,531.0,143.0,96.0,11.0,0.48,185.0,77.0,0,0,1
17839,381.0,240.0,38.0,25.0,0.518,245.0,80.0,0,1,0
30586,1257.0,481.0,86.0,35.0,0.545,221.0,80.0,0,1,0
30615,235.0,100.0,21.0,6.0,0.547,225.0,79.0,0,1,0
23073,379.0,135.0,54.0,21.0,0.583,200.0,77.0,0,1,0
14516,71.0,89.0,11.0,11.0,0.387,225.0,82.0,0,1,0
17895,56.0,50.0,14.0,0.0,0.438,215.0,80.0,0,1,0
133,1577.0,409.0,391.0,35.0,0.489,189.0,70.0,0,0,1
2510,1024.0,317.0,228.0,5.0,0.551,188.0,76.0,0,0,1
19877,1108.0,349.0,264.0,47.0,0.589,192.0,77.0,0,0,1
1949,585.0,196.0,53.0,4.0,0.5670000000000001,175.0,74.0,0,0,1
14861,32.0,17.0,0.0,2.0,0.687,200.0,79.0,0,0,1
22526,1113.0,362.0,181.0,46.0,0.513,185.0,77.0,0,0,1
28803,217.0,135.0,14.0,6.0,0.495,160.0,79.0,0,1,0
3041,1373.0,443.0,221.0,40.0,0.5720000000000001,225.0,76.0,0,0,1
29669,336.0,158.0,45.0,15.0,0.531,198.0,79.0,0,1,0
17234,1413.0,510.0,441.0,22.0,0.519,175.0,75.0,0,0,1
5989,434.0,251.0,145.0,16.0,0.539,185.0,75.0,0,0,1
21529,765.0,323.0,158.0,24.0,0.47,210.0,78.0,0,0,1
5559,164.0,140.0,24.0,30.0,0.505,210.0,77.0,0,1,0
25122,107.0,85.0,10.0,1.0,0.596,280.0,81.0,0,1,0
1151,154.0,129.0,31.0,6.0,0.52,225.0,74.0,0,1,0
16046,1078.0,410.0,289.0,6.0,0.535,175.0,74.0,0,0,1
15658,1495.0,819.0,165.0,152.0,0.586,288.0,85.0,0,0,0
30720,356.0,74.0,99.0,5.0,0.514,170.0,72.0,0,0,1
17397,57.0,20.0,27.0,0.0,0.419,193.0,76.0,0,0,1
28128,134.0,44.0,16.0,1.0,0.485,165.0,79.0,0,0,1
2543,278.0,99.0,38.0,3.0,0.513,188.0,77.0,0,0,1
19109,405.0,123.0,62.0,6.0,0.483,195.0,80.0,0,0,1
15930,565.0,370.0,33.0,50.0,0.47,225.0,80.0,0,0,0
13340,30.0,42.0,2.0,1.0,0.387,273.0,81.0,0,0,0
8190,1167.0,424.0,196.0,31.0,0.5760000000000001,218.0,79.0,0,0,1
21026,553.0,386.0,104.0,42.0,0.435,205.0,78.0,0,0,1
13233,304.0,127.0,64.0,9.0,0.557,205.0,75.0,0,0,1
7727,1368.0,740.0,213.0,28.0,0.547,260.0,80.0,0,1,0
12643,391.0,216.0,77.0,9.0,0.5660000000000001,230.0,79.0,0,1,0
14941,212.0,86.0,84.0,2.0,0.454,185.0,75.0,0,0,1
30530,400.0,229.0,81.0,5.0,0.458,190.0,77.0,0,1,0
19936,1126.0,370.0,317.0,47.0,0.5329999999999999,201.0,77.0,0,0,1
13767,154.0,193.0,23.0,7.0,0.537,235.0,78.0,0,1,0
21020,839.0,561.0,120.0,32.0,0.476,210.0,77.0,0,0,1
25633,46.0,51.0,14.0,5.0,0.45,215.0,80.0,0,1,0
21561,2048.0,524.0,76.0,25.0,0.5329999999999999,180.0,76.0,0,0,1
6157,702.0,136.0,57.0,8.0,0.544,190.0,74.0,0,0,1
4364,356.0,380.0,33.0,68.0,0.456,320.0,81.0,0,0,0
29127,677.0,386.0,66.0,107.0,0.541,225.0,80.0,0,1,0
4615,1484.0,498.0,226.0,18.0,0.49,216.0,79.0,0,0,1
30439,376.0,398.0,31.0,89.0,0.564,265.0,83.0,0,1,0
24416,1236.0,398.0,494.0,32.0,0.494,175.0,70.0,0,0,1
6912,754.0,690.0,119.0,103.0,0.56,218.0,80.0,0,1,0
7362,677.0,631.0,223.0,143.0,0.521,275.0,82.0,0,0,0
31480,396.0,216.0,41.0,21.0,0.521,225.0,80.0,0,1,0
2334,580.0,342.0,23.0,87.0,0.6609999999999999,280.0,85.0,0,0,0
684,117.0,72.0,45.0,4.0,0.469,195.0,76.0,0,0,1
23639,717.0,611.0,26.0,118.0,0.565,210.0,83.0,0,1,0
8229,56.0,54.0,6.0,5.0,0.498,221.0,80.0,0,1,0
29202,361.0,263.0,293.0,40.0,0.509,175.0,73.0,0,0,1
19482,307.0,305.0,69.0,62.0,0.515,200.0,80.0,0,1,0
2189,1645.0,543.0,285.0,42.0,0.504,205.0,74.0,0,0,1
16549,248.0,57.0,129.0,2.0,0.397,170.0,69.0,0,0,1
17375,359.0,177.0,103.0,4.0,0.5,195.0,79.0,0,0,1
18237,1512.0,841.0,123.0,107.0,0.5770000000000001,255.0,80.0,0,1,0
16623,75.0,39.0,25.0,2.0,0.477,230.0,76.0,0,0,1
20067,621.0,221.0,321.0,1.0,0.453,172.0,70.0,0,0,1
11575,226.0,162.0,113.0,11.0,0.552,204.0,79.0,0,1,0
20268,552.0,312.0,20.0,56.0,0.583,235.0,83.0,0,1,0
31080,54.0,57.0,4.0,2.0,0.503,240.0,82.0,0,0,0
1940,317.0,220.0,32.0,22.0,0.48,215.0,78.0,0,1,0
27652,462.0,286.0,41.0,29.0,0.507,225.0,77.0,0,0,1
793,1614.0,504.0,344.0,22.0,0.59,191.0,76.0,0,0,1
20061,839.0,830.0,92.0,63.0,0.5379999999999999,215.0,79.0,0,1,0
20630,482.0,206.0,20.0,34.0,0.5760000000000001,215.0,79.0,0,1,0
31085,2076.0,398.0,270.0,0.0,0.589,160.0,67.0,0,0,1
28590,27.0,16.0,10.0,0.0,0.454,185.0,72.0,0,0,1
7748,369.0,111.0,28.0,3.0,0.5720000000000001,225.0,77.0,0,1,0
30617,518.0,339.0,65.0,45.0,0.526,240.0,81.0,0,1,0
20633,547.0,287.0,156.0,28.0,0.521,190.0,75.0,0,0,1
7476,550.0,183.0,249.0,3.0,0.484,200.0,74.0,0,0,1
27594,685.0,463.0,86.0,57.0,0.495,180.0,77.0,0,1,0
24663,75.0,63.0,8.0,8.0,0.394,210.0,78.0,0,1,0
2131,484.0,143.0,134.0,4.0,0.499,200.0,74.0,0,0,1
31455,313.0,180.0,60.0,16.0,0.564,210.0,77.0,0,1,0
15116,1817.0,495.0,239.0,33.0,0.579,175.0,74.0,0,0,1
9220,1015.0,361.0,243.0,6.0,0.544,190.0,72.0,0,0,1
18575,911.0,243.0,115.0,18.0,0.546,190.0,76.0,0,0,1
11374,588.0,553.0,46.0,31.0,0.479,275.0,84.0,0,0,0
1489,979.0,291.0,141.0,9.0,0.483,175.0,75.0,0,0,1
18828,197.0,69.0,108.0,3.0,0.52,180.0,72.0,0,0,1
18452,1514.0,454.0,566.0,11.0,0.501,190.0,71.0,0,0,1
4345,155.0,83.0,51.0,12.0,0.45,179.0,75.0,0,0,1
26588,150.0,208.0,12.0,16.0,0.525,210.0,81.0,0,0,0
28564,147.0,92.0,130.0,2.0,0.503,185.0,71.0,0,0,1
703,129.0,56.0,27.0,2.0,0.471,200.0,74.0,0,0,1
22210,369.0,100.0,45.0,6.0,0.5539999999999999,180.0,75.0,0,0,1
17447,190.0,185.0,16.0,21.0,0.5539999999999999,225.0,81.0,0,1,0
22313,904.0,210.0,231.0,3.0,0.617,180.0,71.0,0,0,1
14548,123.0,87.0,17.0,1.0,0.478,215.0,78.0,0,1,0
24076,5.0,6.0,4.0,0.0,0.147,205.0,74.0,0,0,1
22515,184.0,69.0,40.0,7.0,0.491,180.0,74.0,0,0,1
11833,1255.0,882.0,145.0,52.0,0.5489999999999999,210.0,79.0,0,0,0
18200,157.0,149.0,8.0,10.0,0.502,250.0,80.0,0,1,0
13551,250.0,186.0,27.0,14.0,0.478,235.0,80.0,0,1,0
24460,705.0,308.0,47.0,28.0,0.569,225.0,81.0,0,1,0
669,321.0,358.0,60.0,76.0,0.502,227.0,80.0,0,1,0
21314,2518.0,602.0,316.0,41.0,0.597,210.0,77.0,0,0,1
11225,643.0,631.0,111.0,205.0,0.523,256.0,84.0,0,0,0
26654,72.0,51.0,27.0,0.0,0.4370000000000001,210.0,73.0,0,0,1
1188,1329.0,302.0,426.0,10.0,0.589,185.0,74.0,0,0,1
27239,402.0,97.0,75.0,3.0,0.58,190.0,73.0,0,0,1
4478,67.0,17.0,16.0,0.0,0.562,175.0,74.0,0,0,1
26799,28.0,43.0,1.0,17.0,0.488,255.0,82.0,0,1,0
24980,168.0,87.0,78.0,0.0,0.364,180.0,73.0,0,0,1
6139,107.0,37.0,32.0,1.0,0.512,155.0,68.0,0,0,1
28237,287.0,348.0,33.0,70.0,0.501,188.0,78.0,0,1,0
7952,839.0,277.0,467.0,17.0,0.502,187.0,73.0,0,0,1
11836,681.0,239.0,434.0,4.0,0.425,189.0,71.0,0,0,1
2787,714.0,578.0,61.0,158.0,0.5479999999999999,285.0,81.0,0,0,0
17679,593.0,152.0,205.0,4.0,0.529,180.0,72.0,0,0,1
11195,177.0,64.0,18.0,5.0,0.447,205.0,77.0,0,1,0
28815,480.0,189.0,105.0,7.0,0.503,200.0,76.0,0,0,1
16952,237.0,146.0,78.0,7.0,0.429,190.0,76.0,0,0,1
10734,1115.0,325.0,226.0,7.0,0.501,180.0,75.0,0,0,1
11382,304.0,203.0,51.0,31.0,0.462,230.0,84.0,0,1,0
11611,311.0,143.0,76.0,6.0,0.56,190.0,74.0,0,0,1
16265,274.0,128.0,58.0,10.0,0.448,215.0,76.0,0,0,1
16725,732.0,251.0,144.0,18.0,0.454,190.0,76.0,0,0,1
3412,596.0,359.0,274.0,18.0,0.532,187.0,71.0,0,0,1
28143,323.0,386.0,60.0,14.0,0.598,210.0,78.0,0,1,0
17383,31.0,7.0,8.0,0.0,0.621,165.0,73.0,0,0,1
